1 26860
2 26860
3 26860
4 26860
5 53550
6 80410
7 107100
8 107100
9 107100
10 133960
11 187510
12 187510
13 214200
14 214200
15 214200
16 264600
17 315000
18 315000
19 315000
20 315000
21 365400
22 478800
23 504080
24 529200
25 529200
26 529200
27 529200
28 529200
29 529200
30 529200
31 529200
32 529200
33 529200
34 529200
35 529200
36 529200
37 529200
38 529200
39 529200
40 529200
41 529200
42 529200
43 529200
44 529200
45 529200
46 529200
47 529200
48 529200
49 529200
50 529200
51 529200
52 529200
53 529200
54 529200
55 502510
56 502510
57 502510
58 475650
59 475650
60 475650
61 475650
62 475650
63 475650
64 475650
65 475650
66 475650
67 475650
68 475650
69 475650
70 475650
71 475650
72 422270
73 711900
74 740340
75 768600
76 743480
77 768600
78 768600
79 768600
80 768600
81 768600
82 768600
83 768600
84 768600
85 768600
86 768600
87 768600
88 768600
89 768600
90 655200
91 683640
92 711900
93 711900
94 368720
95 683640
96 686780
97 661500
98 661500
99 683640
100 683640
101 683640
102 683640
103 683640
104 683640
105 683640
106 683640
107 683640
108 683640
109 683640
110 683640
111 683640
112 683640
113 683640
114 683640
115 683640
116 683640
117 683640
118 683640
119 742140
120 742140
121 742140
122 742140
123 742140
124 742140
125 742140
126 742140
127 742140
128 742140
129 742140
130 742140
131 742140
132 691740
133 717020
134 691900
135 691740
136 691740
137 691740
138 691740
139 691740
140 691740
141 691740
142 691740
143 691740
144 691740
145 691740
146 745080
147 745080
148 745080
149 745080
150 745080
151 745080
152 745080
153 745080
154 745080
155 745080
156 745080
157 509000
158 572000
159 745080
160 745080
161 745080
162 745080
163 745080
164 745080
165 718390
166 691700
167 745080
168 632060
169 719960
170 637980
171 637980
172 637980
173 637980
174 637980
175 637980
176 637980
177 637980
178 637980
179 637980
180 637980
181 637980
182 637980
183 637980
184 637980
185 637980
186 637980
187 637980
188 637980
189 745080
190 745080
191 745080
192 745080
193 745080
194 664620
195 693060
196 693060
197 693060
198 693060
199 693060
200 693060
201 743460
202 680460
203 690080
204 718180
205 715020
206 715020
207 715020
208 715020
209 715020
210 715020
211 715020
212 715020
213 715020
214 717020
215 717020
216 717020
217 717020
218 717020
219 717020
220 717020
221 743940
222 693540
223 718820
224 718820
225 718820
226 745740
227 745740
228 717300
229 717300
230 717300
231 717300
232 717300
233 717300
234 717300
235 717300
236 745740
237 572660
238 720620
239 717300
240 695340
241 658980
242 692360
243 717480
244 717480
245 717480
246 717480
247 717480
248 717480
249 717480
250 717480
251 717480
252 717480
253 717480
254 717480
255 717480
256 717480
257 717480
258 717480
259 717480
260 717480
261 717480
262 717480
263 717480
264 597780
265 597780
266 597780
267 597780
268 597780
269 597780
270 597780
271 748120
272 748120
273 748120
274 685120
275 723000
276 694740
277 572660
278 572660
279 572660
280 572660
281 572660
282 572660
283 572660
284 572660
285 572660
286 572660
287 572660
288 746680
289 666400
290 691680
291 718370
292 718370
293 745150
294 745150
295 745150
296 745150
297 745150
298 745150
299 745150
300 745150
301 719870
302 719870
303 719870
304 719870
305 719870
306 719870
307 719870
308 719870
309 745150
310 634710
311 720030
312 718460
313 720030
314 611310
315 690110
316 690110
317 690110
318 690110
319 690110
320 690110
321 713650
322 745150
323 745150
324 745150
325 745150
326 745150
327 745150
328 745150
329 745150
330 718290
331 718290
332 718290
333 718290
334 718290
335 718290
336 718290
337 718290
338 629590
339 656450
340 719450
341 719450
342 719450
343 719450
344 719450
345 719450
346 746010
347 746010
348 714510
349 719320
350 719150
351 683010
352 746010
353 746010
354 746010
355 746010
356 746010
357 746010
358 746010
359 637110
360 663800
361 663800
362 663800
363 663800
364 663800
365 663800
366 663800
367 663800
368 663800
369 663800
370 663800
371 663800
372 663800
373 663800
374 663800
375 663800
376 502940
377 721400
378 721400
379 721400
380 721400
381 721400
382 694790
383 668100
384 475980
385 666530
386 608030
387 616420
388 669670
389 669670
390 669670
391 663290
392 746500
393 746500
394 746500
395 746500
396 746500
397 746500
398 730800
399 746500
400 746500
401 746500
402 746500
403 746500
404 746500
405 746500
406 746500
407 746500
408 746500
409 746500
410 746500
411 746500
412 746500
413 746500
414 746500
415 746500
416 659740
417 659740
418 659740
419 659740
420 659740
421 693210
422 693210
423 587950
424 677510
425 677510
426 518370
427 518370
428 518370
429 518370
430 518370
431 518370
432 518370
433 518370
434 518370
435 518370
436 518370
437 518370
438 518370
439 518370
440 518370
441 518370
442 518370
443 518370
444 518370
445 518370
446 518370
447 518370
448 518370
449 518370
450 518370
451 518370
452 518370
453 518370
454 518370
455 518370
456 518370
457 419800
458 419800
459 768600
460 768600
461 768600
462 768600
463 768600
464 768600
465 768600
466 768600
467 768600
468 768600
469 768600
470 768600
471 768600
472 768600
473 768600
474 768600
475 768600
476 768600
477 768600
478 768600
479 768600
480 768600
481 768600
482 768600
483 656930
484 713630
485 713630
486 713630
487 713630
488 713630
489 713630
490 285400
491 768600
492 752900
493 752900
494 711900
495 711900
496 711900
497 711900
498 711900
499 711900
500 711900
501 711900
502 711900
503 711900
504 711900
505 711900
506 711900
507 711900
508 711900
509 711900
510 711900
511 711900
512 711900
513 711900
514 711900
515 711900
516 711900
517 711900
518 711900
519 711900
520 711900
521 711900
522 711900
523 711900
524 711900
525 768600
526 768600
527 686860
528 737100
529 743480
530 705600
531 705600
532 705600
533 705600
534 705600
535 705600
536 705600
537 454300
538 479420
539 580060
540 687160
541 713850
542 740710
543 740710
544 740710
545 740710
546 740710
547 740710
548 740710
549 740710
550 740710
551 740710
552 740710
553 740710
554 740710
555 740710
556 740710
557 740710
558 740710
559 740710
560 740710
561 740710
562 740710
563 740710
564 570610
565 658890
566 576910
567 657320
568 657320
569 657320
570 657320
571 657320
572 657320
573 657320
574 657320
575 657320
576 657320
577 657320
578 657320
579 657320
580 657320
581 657320
582 657320
583 657320
584 657320
585 657320
586 657320
587 657320
588 657320
589 630460
590 630460
591 630460
592 630460
593 630460
594 630460
595 630460
596 630460
597 630460
598 606740
599 578480
600 506100
601 551420
602 768600
603 768600
604 768600
605 768600
606 768600
607 768600
608 702660
609 718360
610 718360
611 718360
612 718360
613 718360
614 718360
615 718360
616 718360
617 718360
618 718360
619 718360
620 718360
621 718360
622 718360
623 718360
624 718360
625 718360
626 718360
627 718360
628 718360
629 718360
630 718360
631 718360
632 718360
633 718360
634 579840
635 677540
636 499720
637 499720
638 586140
639 677540
640 677540
641 677540
642 677540
643 677540
644 677540
645 677540
646 677540
647 677540
648 677540
649 677540
650 677540
651 677540
652 693240
653 718360
654 743480
655 743480
656 743480
657 743480
658 743480
659 743480
660 743480
661 743480
662 743480
663 743480
664 743480
665 743480
666 743480
667 743480
668 743480
669 743480
670 743480
671 743480
672 743480
673 724640
674 661640
675 699520
676 699520
677 699520
678 698000
679 698000
680 698000
681 698000
682 698000
683 698000
684 698000
685 698000
686 698000
687 698000
688 744410
689 744410
690 744410
691 744410
692 744410
693 744410
694 744410
695 744410
696 744410
697 744410
698 744410
699 744410
700 744410
701 744410
702 744410
703 688220
704 688220
705 688220
706 744300
707 744300
708 719180
709 642840
710 643660
711 662940
712 657540
713 606960
714 606960
715 606960
716 606960
717 606960
718 606960
719 606960
720 606960
721 606960
722 606960
723 606960
724 606960
725 606960
726 606960
727 606960
728 606960
729 606960
730 606960
731 694060
732 719180
733 744300
734 744300
735 744300
736 744300
737 744300
738 744300
739 744300
740 744300
741 744300
742 744300
743 744300
744 744300
745 744300
746 744300
747 744300
748 681300
749 719180
750 719180
751 719180
752 685800
753 714060
754 714060
755 714060
756 714060
757 714060
758 714060
759 714060
760 714060
761 714060
762 714060
763 714060
764 714060
765 714060
766 714060
767 714060
768 714060
769 714060
770 714060
771 714060
772 714060
773 714060
774 714060
775 714060
776 714060
777 714060
778 714060
779 706600
780 722400
781 753900
782 725640
783 329620
784 722400
785 725640
786 738100
787 738100
788 738100
789 738100
790 738100
791 738100
792 738100
793 738100
794 738100
795 738100
796 738100
797 738100
798 738100
799 753900
800 753900
801 753900
802 753900
803 753900
804 753900
805 753900
806 753900
807 753900
808 753900
809 753900
810 753900
811 753900
812 753900
813 753900
814 753900
815 753900
816 753900
817 725640
818 690900
819 690900
820 690900
821 690900
822 690900
823 690900
824 690900
825 690900
826 690900
827 690900
828 690900
829 690900
830 690900
831 690900
832 723840
833 768600
834 768600
835 768600
836 768600
837 768600
838 768600
839 768600
840 768600
841 768600
842 768600
843 768600
844 768600
845 768600
846 768600
847 768600
848 768600
849 768600
850 768600
851 768600
852 723840
853 740340
854 661500
855 661500
856 661500
857 661500
858 661500
859 661500
860 661500
861 661500
862 661500
863 661500
864 661500
865 661500
866 661500
867 661500
868 661500
869 661500
870 661500
871 661500
872 661500
873 661500
874 372690
875 399550
876 512950
877 613750
878 640440
879 640440
880 640440
881 640440
882 640440
883 640440
884 740340
885 740340
886 740340
887 768600
888 741910
889 655200
890 741910
891 592340
892 737100
893 737100
894 737100
895 737100
896 737100
897 737100
898 737100
899 737100
900 737100
901 737100
902 737100
903 737100
904 737100
905 737100
906 737100
907 737100
908 768600
909 768600
910 768600
911 768600
912 768600
913 768600
914 768600
915 768600
916 768600
917 768600
918 768600
919 768600
920 768600
921 768600
922 740340
923 680580
924 737100
925 667800
926 667800
927 667800
928 667800
929 667800
930 667800
931 667800
932 667800
933 667800
934 667800
935 667800
936 667800
937 667800
938 667800
939 667800
940 667800
941 667800
942 623790
943 686790
944 715050
945 741910
946 741910
947 741910
948 741910
949 741910
950 741910
951 741910
952 741910
953 741910
954 741910
955 741910
956 713650
957 740340
958 768600
959 667800
960 705600
961 740340
962 741910
963 741910
964 741910
965 741910
966 741910
967 741910
968 741910
969 741910
970 741910
971 741910
972 741910
973 741910
974 741910
975 741910
976 741910
977 741910
978 741910
979 741910
980 741910
981 741910
982 712080
983 712080
984 712080
985 712080
986 712080
987 712080
988 768600
989 768600
990 768600
991 768600
992 768600
993 655200
994 741910
995 740340
996 661500
997 708840
998 740340
999 768600
1000 768600
1001 768600
1002 768600
1003 768600
1004 768600
1005 768600
1006 768600
1007 768600
1008 768600
1009 768600
1010 768600
1011 768600
1012 768600
1013 768600
1014 768600
1015 768600
1016 768600
1017 768600
1018 768600
1019 768600
1020 768600
1021 768600
1022 768600
1023 768600
1024 768600
1025 768600
1026 768600
1027 768600
1028 768600
1029 768600
1030 713650
1031 639540
1032 677340
1033 708840
1034 743480
1035 768600
1036 768600
1037 768600
1038 768600
1039 768600
1040 768600
1041 768600
1042 768600
1043 768600
1044 768600
1045 768600
1046 768600
1047 768600
1048 768600
1049 768600
1050 768600
1051 768600
1052 768600
1053 768600
1054 768600
1055 715050
1056 741910
1057 741910
1058 741910
1059 741910
1060 741910
1061 741910
1062 741910
1063 741910
1064 741910
1065 741910
1066 768600
1067 551420
1068 743480
1069 712080
1070 712080
1071 712080
1072 715050
1073 768600
1074 768600
1075 768600
1076 768600
1077 768600
1078 768600
1079 768600
1080 768600
1081 768600
1082 768600
1083 693080
1084 693080
1085 693080
1086 740340
1087 768600
1088 768600
1089 768600
1090 768600
1091 768600
1092 768600
1093 705600
1094 551420
1095 513540
1096 538820
1097 587120
1098 643820
1099 668940
1100 697200
1101 753900
1102 753900
1103 753900
1104 753900
1105 753900
1106 650120
1107 725640
1108 690900
1109 728780
1110 728780
1111 725640
1112 700350
1113 727210
1114 725640
1115 703500
1116 703500
1117 703500
1118 703500
1119 703500
1120 703500
1121 703500
1122 703500
1123 703500
1124 703500
1125 703500
1126 703500
1127 703500
1128 703500
1129 703500
1130 703500
1131 703500
1132 703500
1133 703500
1134 703500
1135 703500
1136 703500
1137 703500
1138 703500
1139 703500
1140 703500
1141 703500
1142 703500
1143 703500
1144 703500
1145 703500
1146 705600
1147 697200
1148 727210
1149 727210
1150 727210
1151 727210
1152 727210
1153 727210
1154 753900
1155 753900
1156 753900
1157 728780
1158 753900
1159 753900
1160 678380
1161 703500
1162 703500
1163 703500
1164 703500
1165 703500
1166 703500
1167 703500
1168 703500
1169 703500
1170 703500
1171 703500
1172 703500
1173 703500
1174 703500
1175 703500
1176 703500
1177 703500
1178 703500
1179 745080
1180 745080
1181 634830
1182 719960
1183 716820
1184 719960
1185 719960
1186 719960
1187 768600
1188 768600
1189 768600
1190 768600
1191 768600
1192 768600
1193 768600
1194 768600
1195 768600
1196 768600
1197 768600
1198 768600
1199 768600
1200 768600
1201 768600
1202 768600
1203 768600
1204 768600
1205 768600
1206 768600
1207 768600
1208 768600
1209 740340
1210 740340
1211 740340
1212 740340
1213 740340
1214 740340
1215 447010
1216 530110
1217 575140
1218 575140
1219 573390
1220 546700
1221 576710
1222 548280
1223 550020
1224 576710
1225 545130
1226 743480
1227 743480
1228 743480
1229 743480
1230 743480
1231 743480
1232 743480
1233 743480
1234 743480
1235 743480
1236 743480
1237 743480
1238 743480
1239 743480
1240 743480
1241 743480
1242 743480
1243 743480
1244 626540
1245 703660
1246 703660
1247 703660
1248 726640
1249 726640
1250 726640
1251 726640
1252 726640
1253 726640
1254 726640
1255 726640
1256 506140
1257 649520
1258 648710
1259 663640
1260 663640
1261 663640
1262 663640
1263 663640
1264 663640
1265 663640
1266 663640
1267 663640
1268 663640
1269 663640
1270 663640
1271 663640
1272 663640
1273 663640
1274 663640
1275 663640
1276 746680
1277 746680
1278 746680
1279 746680
1280 746680
1281 746680
1282 746680
1283 746680
1284 746680
1285 746680
1286 746680
1287 746680
1288 746680
1289 746680
1290 746680
1291 352330
1292 352330
1293 352330
1294 352330
1295 746680
1296 746680
1297 746680
1298 746680
1299 746680
1300 746680
1301 746680
1302 746680
1303 746680
1304 746680
1305 746680
1306 746680
1307 746680
1308 746680
1309 746680
1310 746680
1311 746680
1312 746680
1313 746680
1314 692230
1315 745780
1316 745780
1317 745780
1318 745780
1319 745780
1320 745780
1321 768600
1322 768600
1323 768600
1324 768600
1325 711900
1326 667800
1327 715050
1328 668500
1329 668500
1330 668500
1331 668500
1332 668500
1333 668500
1334 668500
1335 668500
1336 668500
1337 668500
1338 668500
1339 668500
1340 668500
1341 668500
1342 668500
1343 668500
1344 668500
1345 668500
1346 668500
1347 668500
1348 668500
1349 668500
1350 668500
1351 668500
1352 668500
1353 668500
1354 740340
1355 740340
1356 740340
1357 740340
1358 740340
1359 740340
1360 768600
1361 740340
1362 740340
1363 740340
1364 740340
1365 740340
1366 740340
1367 740340
1368 576010
1369 591810
1370 618670
1371 753900
1372 753900
1373 727210
1374 727210
1375 727210
1376 727210
1377 727210
1378 727210
1379 754900
1380 754900
1381 754900
1382 754900
1383 754900
1384 754900
1385 754900
1386 754900
1387 754900
1388 754900
1389 754900
1390 754900
1391 754900
1392 754900
1393 754900
1394 754900
1395 453100
1396 679980
1397 664180
1398 653290
1399 653290
1400 653290
1401 653290
1402 653290
1403 653290
1404 653290
1405 653290
1406 653290
1407 653290
1408 653290
1409 653290
1410 653290
1411 653290
1412 653290
1413 653290
1414 653290
1415 653290
1416 653290
1417 653290
1418 653290
1419 653290
1420 653290
1421 653290
1422 653290
1423 653290
1424 653290
1425 653290
1426 653290
1427 653290
1428 653290
1429 653290
1430 669690
1431 694810
1432 745310
1433 720190
1434 720190
1435 393560
1436 393560
1437 393560
1438 393560
1439 393560
1440 393560
1441 393560
1442 393560
1443 393560
1444 393560
1445 393560
1446 745310
1447 745310
1448 745310
1449 745310
1450 745310
1451 745310
1452 745310
1453 745310
1454 745310
1455 745310
1456 745310
1457 745310
1458 745310
1459 745310
1460 745310
1461 745310
1462 745310
1463 745310
1464 745310
1465 745310
1466 720190
1467 694810
1468 610080
1469 616750
1470 616750
1471 616750
1472 616750
1473 616750
1474 616750
1475 616750
1476 616750
1477 616750
1478 616750
1479 616750
1480 616750
1481 616750
1482 616750
1483 745310
1484 745310
1485 745310
1486 745310
1487 745310
1488 745310
1489 745310
1490 745310
1491 745310
1492 745310
1493 745310
1494 745310
1495 745310
1496 745310
1497 745310
1498 745310
1499 745310
1500 720450
1501 695170
1502 584960
1503 584960
1504 584960
1505 584960
1506 584960
1507 584960
1508 584960
1509 584960
1510 584960
1511 584960
1512 584960
1513 584960
1514 584960
1515 584960
1516 584960
1517 584960
1518 584960
1519 584960
1520 584960
1521 584960
1522 584960
1523 584960
1524 584960
1525 584960
1526 743040
1527 743040
1528 743040
1529 417870
1530 531270
1531 587970
1532 619470
1533 619470
1534 619470
1535 619470
1536 619470
1537 592610
1538 506070
1539 414780
1540 569140
1541 569140
1542 569140
1543 569140
1544 569140
1545 569140
1546 569140
1547 569140
1548 569140
1549 569140
1550 569140
1551 569140
1552 569140
1553 569140
1554 569140
1555 569140
1556 569140
1557 569140
1558 569140
1559 569140
1560 569140
1561 569140
1562 569140
1563 569140
1564 569140
1565 569140
1566 569140
1567 569140
1568 569140
1569 569140
1570 569140
1571 562770
1572 587970
1573 587970
1574 587970
1575 587970
1576 587970
1577 587970
1578 587970
1579 587970
1580 587970
1581 743610
1582 743610
1583 743610
1584 743610
1585 743610
1586 743610
1587 743610
1588 743610
1589 743610
1590 743610
1591 743610
1592 743610
1593 743610
1594 743610
1595 743610
1596 717150
1597 743940
1598 743940
1599 743940
1600 743940
1601 743940
1602 743940
1603 743940
1604 743940
1605 593110
1606 717150
1607 657000
1608 657000
1609 657000
1610 657000
1611 657000
1612 657000
1613 657000
1614 657000
1615 657000
1616 657000
1617 657000
1618 657000
1619 589740
1620 667020
1621 720040
1622 748120
1623 748120
1624 748120
1625 748120
1626 748120
1627 612630
1628 639490
1629 666180
1630 666180
1631 666180
1632 666180
1633 666180
1634 666180
1635 666180
1636 666180
1637 666180
1638 666180
1639 666180
1640 666180
1641 666180
1642 693040
1643 592240
1644 664960
1645 666350
1646 666180
1647 663480
1648 748120
1649 748120
1650 748120
1651 748120
1652 748120
1653 748120
1654 748120
1655 748120
1656 748120
1657 748120
1658 748120
1659 748120
1660 748120
1661 748120
1662 748120
1663 748120
1664 748120
1665 748120
1666 748120
1667 748120
1668 748120
1669 748120
1670 748120
1671 748120
1672 748120
1673 689800
1674 689800
1675 689800
1676 689800
1677 689800
1678 541750
1679 661540
1680 661360
1681 612680
1682 612680
1683 612680
1684 612680
1685 612680
1686 612680
1687 612680
1688 612680
1689 612680
1690 612680
1691 612680
1692 612680
1693 612680
1694 612680
1695 745310
1696 745310
1697 745310
1698 745310
1699 745310
1700 745310
1701 745310
1702 745310
1703 745310
1704 745310
1705 745310
1706 745310
1707 745310
1708 745310
1709 668190
1710 693470
1711 693470
1712 693470
1713 640450
1714 636770
1715 483780
1716 717000
1717 717000
1718 717000
1719 717000
1720 717000
1721 717000
1722 717000
1723 717000
1724 717000
1725 717000
1726 717000
1727 717000
1728 717000
1729 717000
1730 717000
1731 717000
1732 603740
1733 603740
1734 768600
1735 768600
1736 768600
1737 768600
1738 768600
1739 768600
1740 768600
1741 768600
1742 768600
1743 768600
1744 768600
1745 768600
1746 620550
1747 743480
1748 663970
1749 572240
1750 741910
1751 711900
1752 711900
1753 636190
1754 663050
1755 663050
1756 663050
1757 663050
1758 663050
1759 663050
1760 663050
1761 663050
1762 663050
1763 663050
1764 663050
1765 663050
1766 663050
1767 663050
1768 663050
1769 663050
1770 663050
1771 663050
1772 663050
1773 663050
1774 663050
1775 663050
1776 663050
1777 663050
1778 663050
1779 663050
1780 663050
1781 663050
1782 663050
1783 385910
1784 436330
1785 436330
1786 436330
1787 436330
1788 436330
1789 713880
1790 713880
1791 713880
1792 713880
1793 713880
1794 713880
1795 713880
1796 548660
1797 605360
1798 605360
1799 605360
1800 605360
1801 605360
1802 605360
1803 605360
1804 605360
1805 605360
1806 605360
1807 605360
1808 605360
1809 605360
1810 605360
1811 605360
1812 605360
1813 605360
1814 605360
1815 192340
1816 517160
1817 491960
1818 491960
1819 491960
1820 491960
1821 491960
1822 491960
1823 491960
1824 491960
1825 491960
1826 691640
1827 691640
1828 691640
1829 691640
1830 691640
1831 691640
1832 691640
1833 691640
1834 691640
1835 691640
1836 691640
1837 691640
1838 691640
1839 691640
1840 691640
1841 691640
1842 691640
1843 691640
1844 691640
1845 691640
1846 691640
1847 691640
1848 471540
1849 471540
1850 471540
1851 471540
1852 471540
1853 471540
1854 471540
1855 471540
1856 471540
1857 471540
1858 471540
1859 471540
1860 471540
1861 471540
1862 471540
1863 471540
1864 471540
1865 547960
1866 625080
1867 650200
1868 666000
1869 681700
1870 697500
1871 697500
1872 697500
1873 697500
1874 697500
1875 697500
1876 697500
1877 697500
1878 697500
1879 697500
1880 697500
1881 697500
1882 697500
1883 485040
1884 672380
1885 681800
1886 681700
1887 620380
1888 681800
1889 590780
1890 689980
1891 689980
1892 720220
1893 720220
1894 720220
1895 720220
1896 720220
1897 720220
1898 720220
1899 720220
1900 720220
1901 720220
1902 720220
1903 720220
1904 720220
1905 720220
1906 720220
1907 720220
1908 720220
1909 720220
1910 720220
1911 748280
1912 748280
1913 748280
1914 748280
1915 748280
1916 748280
1917 748280
1918 748280
1919 748280
1920 609760
1921 636400
1922 668410
1923 623960
1924 691660
1925 560940
1926 560940
1927 560940
1928 560940
1929 560940
1930 560940
1931 560940
1932 560940
1933 560940
1934 560940
1935 560940
1936 560940
1937 560940
1938 560940
1939 560940
1940 560940
1941 560940
1942 560940
1943 560940
1944 560940
1945 560940
1946 560940
1947 560940
1948 560940
1949 560940
1950 560940
1951 560940
1952 560940
1953 560940
1954 560940
1955 560940
1956 288460
1957 0
1958 0
1959 0
1960 0
1961 0
1962 0
1963 0
1964 0
1965 0
1966 0
1967 0
1968 0
1969 0
1970 0
1971 0
1972 0
1973 0
1974 0
1975 0
1976 0
1977 0
1978 0
1979 0
1980 0
1981 0
1982 0
1983 0
1984 0
1985 0
1986 0
1987 0
1988 0
1989 0
1990 0
1991 0
1992 0
1993 0
1994 0
1995 0
1996 0
1997 0
1998 0
1999 0
2000 0
2001 0
2002 0
2003 0
2004 0
2005 0
2006 0
2007 0
2008 0
2009 0
2010 0
2011 0
2012 0
2013 0
2014 0
2015 0
2016 0
2017 0
2018 0
2019 0
2020 0
2021 0
2022 0
2023 0
2024 0
2025 0
2026 0
2027 0
2028 0
2029 0
2030 0
2031 0
2032 0
2033 0
2034 0
2035 0
2036 0
2037 0
2038 0
2039 0
2040 0
2041 0
2042 0
2043 0
2044 0
2045 0
2046 0
2047 0
2048 0
2049 0
2050 0
2051 0
2052 0
2053 0
2054 0
2055 0
2056 0
2057 0
2058 0
2059 0
2060 0
2061 0
2062 0
2063 0
2064 0
2065 0
2066 0
2067 0
2068 0
2069 0
2070 0
2071 0
2072 0
2073 0
2074 0
2075 0
2076 0
2077 0
2078 0
2079 0
2080 0
2081 0
2082 0
2083 0
2084 0
2085 0
2086 0
2087 0
2088 0
2089 0
2090 0
2091 0
2092 0
2093 0
2094 0
2095 0
2096 0
2097 0
2098 768600
2099 768600
2100 768600
2101 768600
2102 768600
2103 768600
2104 768600
2105 768600
2106 768600
2107 768600
2108 768600
2109 768600
2110 768600
2111 0
2112 0
2113 0
2114 0
2115 0
2116 0
2117 0
2118 0
2119 0
2120 0
2121 0
2122 0
2123 0
2124 0
2125 0
2126 0
2127 0
2128 0
2129 0
2130 0
2131 0
2132 0
2133 0
2134 0
2135 0
2136 0
2137 0
2138 0
2139 0
2140 0
2141 0
2142 0
2143 0
2144 0
2145 0
2146 0
2147 0
2148 0
2149 0
2150 0
2151 0
2152 0
2153 0
2154 0
2155 0
2156 0
2157 0
2158 0
2159 0
2160 0
2161 0
2162 0
2163 0
2164 0
2165 0
2166 0
2167 0
2168 0
2169 0
2170 0
2171 0
2172 0
2173 0
2174 0
2175 0
2176 768600
2177 768600
2178 768600
2179 768600
2180 768600
2181 768600
2182 768600
2183 768600
2184 768600
2185 768600
2186 768600
2187 768600
2188 768600
2189 768600
2190 768600
2191 768600
2192 768600
2193 768600
2194 768600
2195 768600
2196 768600
2197 768600
2198 768600
2199 768600
2200 768600
2201 768600
2202 768600
2203 768600
2204 768600
2205 768600
2206 768600
2207 768600
2208 768600
2209 768600
2210 768600
2211 768600
2212 768600
2213 768600
2214 768600
2215 768600
2216 768600
2217 768600
2218 768600
2219 768600
2220 768600
2221 768600
2222 768600
2223 768600
2224 768600
2225 768600
2226 768600
2227 768600
2228 768600
2229 768600
2230 768600
2231 768600
2232 768600
2233 768600
2234 768600
2235 768600
2236 768600
2237 768600
2238 768600
2239 768600
2240 768600
2241 768600
2242 768600
2243 768600
2244 768600
2245 768600
2246 768600
2247 768600
2248 768600
2249 768600
2250 768600
2251 768600
2252 0
