0 269440
1 206440
5 273920
1 300780
23 274090
3 494410
1 557410
1 579530
9 607970
1 636230
7 582510
1 609370
12 392330
1 329330
1 307210
1 278950
1 250690
1 161230
1 115590
7 272810
18 270940
6 293060
1 315040
1 156420
1 134440
1 113720
1 85460
8 468900
1 491020
24 84070
1 78850
1 25300
1 113500
1 145000
7 236070
8 292950
3 337050
13 305550
1 190960
1 148260
1 123100
17 186100
1 212960
1 320060
1 433460
1 461720
1 489980
12 426980
1 346570
1 233170
1 199690
6 365080
4 387200
21 409180
1 380920
1 358940
1 357400
16 470800
3 576130
4 598110
4 661110
4 504120
1 438040
1 416060
1 353060
16 375180
1 397160
14 231770
1 209790
1 187670
1 134120
3 182420
1 209280
1 297480
10 405980
13 377720
1 508180
1 615280
2 636860
1 504430
1 350290
1 293810
1 240260
1 219540
1 171240
1 86280
1 149280
12 176140
18 113140
1 86280
1 1140
1 23260
5 45240
22 467360
1 483160
1 514660
3 492400
1 425320
1 69280
10 84980
2 148480
19 85480
1 69280
1 37780
17 145040
1 189280
14 123060
1 100940
1 85140
1 0
13 37800
6 53600
1 69300
1 182700
1 289800
1 318240
1 362340
4 532700
1 554680
6 538980
1 523180
1 409780
1 381340
1 109760
32 109620
1 107100
1 0
5 82160
12 164080
2 277480
2 293280
1 308980
1 416080
1 431880
1 448080
9 342680
1 254300
1 169340
1 153640
1 137840
1 30740
1 14940
1 0
1 0
13 44100
11 151360
4 195460
1 211260
1 233380
4 126260
1 110460
1 22260
13 78960
1 94760
1 201860
1 271140
14 479180
1 495380
3 388280
1 317740
1 109700
19 131680
1 188380
1 216820
5 248320
7 231880
1 209900
1 153200
1 96500
1 96360
1 80560
1 59840
1 31400
1 0
4 44100
3 151200
1 173320
1 195300
6 302400
1 324660
1 340460
1 426600
3 458100
1 480080
1 495780
15 388680
1 366420
1 259320
1 194360
1 251060
21 203860
8 285920
1 285820
1 282040
1 180520
1 94380
1 147930
1 174790
1 201480
1 229920
1 258180
13 466220
10 541820
5 515130
1 486870
1 458430
1 212190
1 174790
1 118090
1 96110
1 42560
1 42560
1 15700
1 0
14 55300
2 83560
6 272980
6 380080
1 466040
3 409520
1 192240
1 163800
1 107100
1 0
19 76670
15 0
5 335860
25 367360
1 320060
1 0
3 113380
1 167130
22 269460
7 102530
1 48960
1 0
27 28440
5 44240
1 59940
1 31500
1 15700
1 0
2 224020
1 239820
1 351540
1 373660
1 454620
28 230600
1 252580
1 236880
1 214900
22 655900
1 671700
1 714100
10 692120
1 676320
1 235320
12 257300
19 235320
1 172200
1 81200
1 0
12 15800
19 127520
1 111720
1 0
12 226800
1 280350
1 302470
1 409570
1 463120
1 494620
19 472500
1 365400
1 138600
1 85050
2 31500
1 0
19 138600
14 0
6 82110
1 108500
23 221900
1 308840
2 336700
1 310310
1 196910
1 169050
1 222600
1 276150
11 298270
1 320390
5 458990
1 480970
4 549020
8 481540
1 323620
1 301500
1 219560
2 132620
1 79070
1 25520
1 22120
1 0
9 26860
1 53550
17 265950
4 239260
1 212400
1 0
10 138600
1 167040
3 256140
10 309690
4 509510
3 274450
1 246190
1 187510
1 53550
12 140490
1 167350
19 113800
1 26860
1 0
5 334160
7 378260
1 431810
19 97650
1 124510
1 97650
1 53550
1 0
20 214760
12 236880
1 22120
1 0
15 126000
1 193620
1 215740
1 244180
3 357480
11 231480
1 203220
1 89740
1 19180
1 0
7 135660
1 222600
1 266700
1 319820
15 364790
8 277850
1 158000
1 152900
1 44100
1 0
146 743400
10 0
68 743400
77 0
1 28440
2 56700
2 85140
1 113400
2 141840
1 198540
2 226800
3 280350
1 333900
2 387450
1 475650
1 502510
2 529200
14 500940
1 472500
1 444240
1 387540
29 359280
1 699300
1 721420
1 743400
1 716710
1 743400
12 655200
1 677320
1 699300
17 359100
1 337120
1 310430
1 256880
1 203330
1 181350
1 159230
5 236300
16 338520
11 236130
1 207690
1 179430
1 152740
1 75670
8 163870
1 192310
1 220750
1 334150
1 460150
2 516670
20 543530
1 455330
1 427070
1 398810
1 285410
9 338960
1 361080
5 442720
16 487080
1 433530
1 517140
2 460440
1 488700
3 576900
1 720540
7 698420
1 720540
1 693850
1 720540
5 698420
7 670160
1 544160
1 455960
1 433840
1 407150
1 325340
1 280980
1 197190
8 228690
13 376740
2 485970
9 454470
1 306420
1 197010
1 219130
1 241250
1 285350
1 307470
5 361020
7 405120
1 433560
16 411440
1 389320
1 367200
1 323100
1 179640
7 195440
7 243640
1 265760
1 329160
1 406230
2 434490
1 461350
13 445650
1 423530
1 360030
1 386720
1 342620
1 315930
1 262380
1 214180
1 137110
1 351310
21 438990
2 465850
1 492540
1 514520
5 300320
1 212640
1 185950
1 159090
1 137110
8 163800
9 387450
15 163800
1 135540
1 107100
1 80410
1 26860
20 329260
1 356120
1 382810
2 411250
9 108850
1 82160
1 55300
1 168700
1 225400
19 332500
5 387450
6 330750
1 223650
1 196790
1 168530
4 222080
27 250520
1 278780
1 225230
1 196970
1 168530
1 55130
1 143330
1 231530
1 294530
1 310330
16 491490
11 518350
4 430150
1 367150
1 393840
1 378040
1 351350
29 439550
2 455350
1 439550
1 258390
1 170190
6 281840
1 344840
11 373280
1 401540
13 289710
1 226710
1 198450
1 170010
1 115060
1 88200
1 0
10 48300
1 76740
1 183840
21 155400
1 48300
1 0
1 113400
1 253790
12 316790
5 404990
1 431150
6 459410
8 346010
1 283010
1 194810
1 166550
2 26160
1 0
5 26860
1 53550
29 80410
1 133960
1 107270
1 53720
16 388280
1 414970
1 503170
14 476480
1 388280
1 53720
1 26860
1 0
17 112000
1 161110
15 187970
1 138690
1 111830
1 0
13 44100
1 66220
10 168080
8 145960
1 44100
1 0
9 88200
1 115060
1 171760
1 298560
1 327000
9 437250
12 410560
1 283590
1 255150
1 144900
20 252000
4 350870
8 243770
1 144900
1 88200
4 104000
1 119700
1 182700
1 198500
1 215170
10 271870
12 383700
1 437250
3 421550
1 405750
1 342750
1 326950
1 310280
1 198450
1 110250
1 53550
1 0
1 28440
1 56700
11 110250
1 137110
4 234230
15 205970
1 108850
1 55300
1 26860
1 0
1 63970
16 215170
1 243610
1 272050
3 328750
1 357010
1 401110
5 457810
1 484500
4 420530
1 269330
1 240890
1 184190
24 290930
1 313050
4 417020
3 310280
1 288160
1 184190
1 127490
1 99230
1 70790
1 44100
2 0
6 15800
1 31500
1 99120
1 130620
1 146420
1 162120
1 194120
25 216240
1 200540
1 184740
1 169040
5 282440
11 335990
1 362850
1 389710
1 418150
14 304750
1 277890
1 251030
1 222590
1 394060
19 326440
1 420700
7 477400
2 505660
1 473660
1 302230
1 208110
1 179670
1 126120
1 110320
1 88200
1 31500
1 0
12 209610
12 272610
1 354650
5 422270
1 212660
1 130620
1 63000
1 0
28 407360
6 0
12 56880
19 145080
2 176580
1 119700
1 31500
1 0
1 97510
30 0
5 28440
9 253740
1 269540
1 296400
1 323090
1 440120
11 462240
4 433980
1 208670
1 181980
1 155120
1 133000
5 231720
26 258580
1 231720
1 215920
1 98720
3 516440
1 532240
1 564800
27 549000
1 131280
1 98480
1 0
11 26860
12 42660
8 15800
1 0
10 113060
18 339860
1 371360
1 398050
1 505150
1 558700
2 532010
1 424910
1 198110
6 229610
26 198110
1 144560
1 31500
1 0
15 155210
16 237150
1 264010
1 108800
1 81940
1 0
16 113400
1 200340
2 253890
1 282050
9 313550
5 200150
1 171990
1 85050
1 111910
1 134030
6 304110
1 319810
3 379700
21 352840
1 182860
1 167060
1 113510
1 141850
2 168710
17 394030
10 564110
1 579810
1 551650
1 524790
1 493290
1 267790
1 374890
16 428440
10 368550
1 518250
3 348270
1 332470
1 225370
1 75670
1 53550
1 0
4 86940
1 115380
24 503820
3 115380
1 28440
1 0
22 31500
1 63000
8 112900
1 81400
1 49900
1 0
32 28440
1 56700
1 85140
1 56880
1 28440
6 242640
1 419040
1 434840
24 220640
1 44240
1 28440
1 0
17 113400
5 231040
1 279340
1 310840
1 364390
1 417940
8 304540
1 256240
1 202690
1 149140
1 31500
1 0
180 743400
6 0
72 743400
77 0
