0 269440
1 206440
2 206440
3 206440
4 206440
5 206440
6 273920
7 300780
8 300780
9 300780
10 300780
11 300780
12 300780
13 300780
14 300780
15 300780
16 300780
17 300780
18 300780
19 300780
20 300780
21 300780
22 300780
23 300780
24 300780
25 300780
26 300780
27 300780
28 300780
29 300780
30 274090
31 274090
32 274090
33 494410
34 557410
35 579530
36 579530
37 579530
38 579530
39 579530
40 579530
41 579530
42 579530
43 579530
44 607970
45 636230
46 636230
47 636230
48 636230
49 636230
50 636230
51 636230
52 582510
53 609370
54 609370
55 609370
56 609370
57 609370
58 609370
59 609370
60 609370
61 609370
62 609370
63 609370
64 609370
65 392330
66 329330
67 307210
68 278950
69 250690
70 161230
71 115590
72 115590
73 115590
74 115590
75 115590
76 115590
77 115590
78 272810
79 272810
80 272810
81 272810
82 272810
83 272810
84 272810
85 272810
86 272810
87 272810
88 272810
89 272810
90 272810
91 272810
92 272810
93 272810
94 272810
95 272810
96 270940
97 270940
98 270940
99 270940
100 270940
101 270940
102 293060
103 315040
104 156420
105 134440
106 113720
107 85460
108 85460
109 85460
110 85460
111 85460
112 85460
113 85460
114 85460
115 468900
116 491020
117 491020
118 491020
119 491020
120 491020
121 491020
122 491020
123 491020
124 491020
125 491020
126 491020
127 491020
128 491020
129 491020
130 491020
131 491020
132 491020
133 491020
134 491020
135 491020
136 491020
137 491020
138 491020
139 491020
140 84070
141 78850
142 25300
143 113500
144 145000
145 145000
146 145000
147 145000
148 145000
149 145000
150 145000
151 236070
152 236070
153 236070
154 236070
155 236070
156 236070
157 236070
158 236070
159 292950
160 292950
161 292950
162 337050
163 337050
164 337050
165 337050
166 337050
167 337050
168 337050
169 337050
170 337050
171 337050
172 337050
173 337050
174 337050
175 305550
176 190960
177 148260
178 123100
179 123100
180 123100
181 123100
182 123100
183 123100
184 123100
185 123100
186 123100
187 123100
188 123100
189 123100
190 123100
191 123100
192 123100
193 123100
194 123100
195 186100
196 212960
197 320060
198 433460
199 461720
200 489980
201 489980
202 489980
203 489980
204 489980
205 489980
206 489980
207 489980
208 489980
209 489980
210 489980
211 489980
212 426980
213 346570
214 233170
215 199690
216 199690
217 199690
218 199690
219 199690
220 199690
221 365080
222 365080
223 365080
224 365080
225 387200
226 387200
227 387200
228 387200
229 387200
230 387200
231 387200
232 387200
233 387200
234 387200
235 387200
236 387200
237 387200
238 387200
239 387200
240 387200
241 387200
242 387200
243 387200
244 387200
245 387200
246 409180
247 380920
248 358940
249 357400
250 357400
251 357400
252 357400
253 357400
254 357400
255 357400
256 357400
257 357400
258 357400
259 357400
260 357400
261 357400
262 357400
263 357400
264 357400
265 470800
266 470800
267 470800
268 576130
269 576130
270 576130
271 576130
272 598110
273 598110
274 598110
275 598110
276 661110
277 661110
278 661110
279 661110
280 504120
281 438040
282 416060
283 353060
284 353060
285 353060
286 353060
287 353060
288 353060
289 353060
290 353060
291 353060
292 353060
293 353060
294 353060
295 353060
296 353060
297 353060
298 353060
299 375180
300 397160
301 397160
302 397160
303 397160
304 397160
305 397160
306 397160
307 397160
308 397160
309 397160
310 397160
311 397160
312 397160
313 397160
314 231770
315 209790
316 187670
317 134120
318 134120
319 134120
320 182420
321 209280
322 297480
323 297480
324 297480
325 297480
326 297480
327 297480
328 297480
329 297480
330 297480
331 297480
332 405980
333 405980
334 405980
335 405980
336 405980
337 405980
338 405980
339 405980
340 405980
341 405980
342 405980
343 405980
344 405980
345 377720
346 508180
347 615280
348 615280
349 636860
350 504430
351 350290
352 293810
353 240260
354 219540
355 171240
356 86280
357 149280
358 149280
359 149280
360 149280
361 149280
362 149280
363 149280
364 149280
365 149280
366 149280
367 149280
368 149280
369 176140
370 176140
371 176140
372 176140
373 176140
374 176140
375 176140
376 176140
377 176140
378 176140
379 176140
380 176140
381 176140
382 176140
383 176140
384 176140
385 176140
386 176140
387 113140
388 86280
389 1140
390 23260
391 23260
392 23260
393 23260
394 23260
395 45240
396 45240
397 45240
398 45240
399 45240
400 45240
401 45240
402 45240
403 45240
404 45240
405 45240
406 45240
407 45240
408 45240
409 45240
410 45240
411 45240
412 45240
413 45240
414 45240
415 45240
416 45240
417 467360
418 483160
419 514660
420 514660
421 514660
422 492400
423 425320
424 69280
425 69280
426 69280
427 69280
428 69280
429 69280
430 69280
431 69280
432 69280
433 69280
434 84980
435 84980
436 148480
437 148480
438 148480
439 148480
440 148480
441 148480
442 148480
443 148480
444 148480
445 148480
446 148480
447 148480
448 148480
449 148480
450 148480
451 148480
452 148480
453 148480
454 148480
455 85480
456 69280
457 37780
458 37780
459 37780
460 37780
461 37780
462 37780
463 37780
464 37780
465 37780
466 37780
467 37780
468 37780
469 37780
470 37780
471 37780
472 37780
473 37780
474 145040
475 189280
476 189280
477 189280
478 189280
479 189280
480 189280
481 189280
482 189280
483 189280
484 189280
485 189280
486 189280
487 189280
488 189280
489 123060
490 100940
491 85140
492 0
493 0
494 0
495 0
496 0
497 0
498 0
499 0
500 0
501 0
502 0
503 0
504 0
505 37800
506 37800
507 37800
508 37800
509 37800
510 37800
511 53600
512 69300
513 182700
514 289800
515 318240
516 362340
517 362340
518 362340
519 362340
520 532700
521 554680
522 554680
523 554680
524 554680
525 554680
526 554680
527 538980
528 523180
529 409780
530 381340
531 109760
532 109760
533 109760
534 109760
535 109760
536 109760
537 109760
538 109760
539 109760
540 109760
541 109760
542 109760
543 109760
544 109760
545 109760
546 109760
547 109760
548 109760
549 109760
550 109760
551 109760
552 109760
553 109760
554 109760
555 109760
556 109760
557 109760
558 109760
559 109760
560 109760
561 109760
562 109760
563 109620
564 107100
565 0
566 0
567 0
568 0
569 0
570 82160
571 82160
572 82160
573 82160
574 82160
575 82160
576 82160
577 82160
578 82160
579 82160
580 82160
581 82160
582 164080
583 164080
584 277480
585 277480
586 293280
587 308980
588 416080
589 431880
590 448080
591 448080
592 448080
593 448080
594 448080
595 448080
596 448080
597 448080
598 448080
599 342680
600 254300
601 169340
602 153640
603 137840
604 30740
605 14940
606 0
607 0
608 0
609 0
610 0
611 0
612 0
613 0
614 0
615 0
616 0
617 0
618 0
619 0
620 44100
621 44100
622 44100
623 44100
624 44100
625 44100
626 44100
627 44100
628 44100
629 44100
630 44100
631 151360
632 151360
633 151360
634 151360
635 195460
636 211260
637 233380
638 233380
639 233380
640 233380
641 126260
642 110460
643 22260
644 22260
645 22260
646 22260
647 22260
648 22260
649 22260
650 22260
651 22260
652 22260
653 22260
654 22260
655 22260
656 78960
657 94760
658 201860
659 271140
660 271140
661 271140
662 271140
663 271140
664 271140
665 271140
666 271140
667 271140
668 271140
669 271140
670 271140
671 271140
672 271140
673 479180
674 495380
675 495380
676 495380
677 388280
678 317740
679 109700
680 109700
681 109700
682 109700
683 109700
684 109700
685 109700
686 109700
687 109700
688 109700
689 109700
690 109700
691 109700
692 109700
693 109700
694 109700
695 109700
696 109700
697 109700
698 131680
699 188380
700 216820
701 216820
702 216820
703 216820
704 216820
705 248320
706 248320
707 248320
708 248320
709 248320
710 248320
711 248320
712 231880
713 209900
714 153200
715 96500
716 96360
717 80560
718 59840
719 31400
720 0
721 0
722 0
723 0
724 44100
725 44100
726 44100
727 151200
728 173320
729 195300
730 195300
731 195300
732 195300
733 195300
734 195300
735 302400
736 324660
737 340460
738 426600
739 426600
740 426600
741 458100
742 480080
743 495780
744 495780
745 495780
746 495780
747 495780
748 495780
749 495780
750 495780
751 495780
752 495780
753 495780
754 495780
755 495780
756 495780
757 495780
758 388680
759 366420
760 259320
761 194360
762 251060
763 251060
764 251060
765 251060
766 251060
767 251060
768 251060
769 251060
770 251060
771 251060
772 251060
773 251060
774 251060
775 251060
776 251060
777 251060
778 251060
779 251060
780 251060
781 251060
782 251060
783 203860
784 203860
785 203860
786 203860
787 203860
788 203860
789 203860
790 203860
791 285920
792 285820
793 282040
794 180520
795 94380
796 147930
797 174790
798 201480
799 229920
800 258180
801 258180
802 258180
803 258180
804 258180
805 258180
806 258180
807 258180
808 258180
809 258180
810 258180
811 258180
812 258180
813 466220
814 466220
815 466220
816 466220
817 466220
818 466220
819 466220
820 466220
821 466220
822 466220
823 541820
824 541820
825 541820
826 541820
827 541820
828 515130
829 486870
830 458430
831 212190
832 174790
833 118090
834 96110
835 42560
836 42560
837 15700
838 0
839 0
840 0
841 0
842 0
843 0
844 0
845 0
846 0
847 0
848 0
849 0
850 0
851 0
852 55300
853 55300
854 83560
855 83560
856 83560
857 83560
858 83560
859 83560
860 272980
861 272980
862 272980
863 272980
864 272980
865 272980
866 380080
867 466040
868 466040
869 466040
870 409520
871 192240
872 163800
873 107100
874 0
875 0
876 0
877 0
878 0
879 0
880 0
881 0
882 0
883 0
884 0
885 0
886 0
887 0
888 0
889 0
890 0
891 0
892 0
893 76670
894 76670
895 76670
896 76670
897 76670
898 76670
899 76670
900 76670
901 76670
902 76670
903 76670
904 76670
905 76670
906 76670
907 76670
908 0
909 0
910 0
911 0
912 0
913 335860
914 335860
915 335860
916 335860
917 335860
918 335860
919 335860
920 335860
921 335860
922 335860
923 335860
924 335860
925 335860
926 335860
927 335860
928 335860
929 335860
930 335860
931 335860
932 335860
933 335860
934 335860
935 335860
936 335860
937 335860
938 367360
939 320060
940 0
941 0
942 0
943 113380
944 167130
945 167130
946 167130
947 167130
948 167130
949 167130
950 167130
951 167130
952 167130
953 167130
954 167130
955 167130
956 167130
957 167130
958 167130
959 167130
960 167130
961 167130
962 167130
963 167130
964 167130
965 167130
966 269460
967 269460
968 269460
969 269460
970 269460
971 269460
972 269460
973 102530
974 48960
975 0
976 0
977 0
978 0
979 0
980 0
981 0
982 0
983 0
984 0
985 0
986 0
987 0
988 0
989 0
990 0
991 0
992 0
993 0
994 0
995 0
996 0
997 0
998 0
999 0
1000 0
1001 0
1002 28440
1003 28440
1004 28440
1005 28440
1006 28440
1007 44240
1008 59940
1009 31500
1010 15700
1011 0
1012 0
1013 224020
1014 239820
1015 351540
1016 373660
1017 454620
1018 454620
1019 454620
1020 454620
1021 454620
1022 454620
1023 454620
1024 454620
1025 454620
1026 454620
1027 454620
1028 454620
1029 454620
1030 454620
1031 454620
1032 454620
1033 454620
1034 454620
1035 454620
1036 454620
1037 454620
1038 454620
1039 454620
1040 454620
1041 454620
1042 454620
1043 454620
1044 454620
1045 230600
1046 252580
1047 236880
1048 214900
1049 214900
1050 214900
1051 214900
1052 214900
1053 214900
1054 214900
1055 214900
1056 214900
1057 214900
1058 214900
1059 214900
1060 214900
1061 214900
1062 214900
1063 214900
1064 214900
1065 214900
1066 214900
1067 214900
1068 214900
1069 214900
1070 655900
1071 671700
1072 714100
1073 714100
1074 714100
1075 714100
1076 714100
1077 714100
1078 714100
1079 714100
1080 714100
1081 714100
1082 692120
1083 676320
1084 235320
1085 235320
1086 235320
1087 235320
1088 235320
1089 235320
1090 235320
1091 235320
1092 235320
1093 235320
1094 235320
1095 235320
1096 257300
1097 257300
1098 257300
1099 257300
1100 257300
1101 257300
1102 257300
1103 257300
1104 257300
1105 257300
1106 257300
1107 257300
1108 257300
1109 257300
1110 257300
1111 257300
1112 257300
1113 257300
1114 257300
1115 235320
1116 172200
1117 81200
1118 0
1119 0
1120 0
1121 0
1122 0
1123 0
1124 0
1125 0
1126 0
1127 0
1128 0
1129 0
1130 15800
1131 15800
1132 15800
1133 15800
1134 15800
1135 15800
1136 15800
1137 15800
1138 15800
1139 15800
1140 15800
1141 15800
1142 15800
1143 15800
1144 15800
1145 15800
1146 15800
1147 15800
1148 15800
1149 127520
1150 111720
1151 0
1152 0
1153 0
1154 0
1155 0
1156 0
1157 0
1158 0
1159 0
1160 0
1161 0
1162 0
1163 226800
1164 280350
1165 302470
1166 409570
1167 463120
1168 494620
1169 494620
1170 494620
1171 494620
1172 494620
1173 494620
1174 494620
1175 494620
1176 494620
1177 494620
1178 494620
1179 494620
1180 494620
1181 494620
1182 494620
1183 494620
1184 494620
1185 494620
1186 494620
1187 472500
1188 365400
1189 138600
1190 85050
1191 85050
1192 31500
1193 0
1194 0
1195 0
1196 0
1197 0
1198 0
1199 0
1200 0
1201 0
1202 0
1203 0
1204 0
1205 0
1206 0
1207 0
1208 0
1209 0
1210 0
1211 0
1212 138600
1213 138600
1214 138600
1215 138600
1216 138600
1217 138600
1218 138600
1219 138600
1220 138600
1221 138600
1222 138600
1223 138600
1224 138600
1225 138600
1226 0
1227 0
1228 0
1229 0
1230 0
1231 0
1232 82110
1233 108500
1234 108500
1235 108500
1236 108500
1237 108500
1238 108500
1239 108500
1240 108500
1241 108500
1242 108500
1243 108500
1244 108500
1245 108500
1246 108500
1247 108500
1248 108500
1249 108500
1250 108500
1251 108500
1252 108500
1253 108500
1254 108500
1255 108500
1256 221900
1257 308840
1258 308840
1259 336700
1260 310310
1261 196910
1262 169050
1263 222600
1264 276150
1265 276150
1266 276150
1267 276150
1268 276150
1269 276150
1270 276150
1271 276150
1272 276150
1273 276150
1274 276150
1275 298270
1276 320390
1277 320390
1278 320390
1279 320390
1280 320390
1281 458990
1282 480970
1283 480970
1284 480970
1285 480970
1286 549020
1287 549020
1288 549020
1289 549020
1290 549020
1291 549020
1292 549020
1293 549020
1294 481540
1295 323620
1296 301500
1297 219560
1298 219560
1299 132620
1300 79070
1301 25520
1302 22120
1303 0
1304 0
1305 0
1306 0
1307 0
1308 0
1309 0
1310 0
1311 0
1312 26860
1313 53550
1314 53550
1315 53550
1316 53550
1317 53550
1318 53550
1319 53550
1320 53550
1321 53550
1322 53550
1323 53550
1324 53550
1325 53550
1326 53550
1327 53550
1328 53550
1329 53550
1330 265950
1331 265950
1332 265950
1333 265950
1334 239260
1335 212400
1336 0
1337 0
1338 0
1339 0
1340 0
1341 0
1342 0
1343 0
1344 0
1345 0
1346 138600
1347 167040
1348 167040
1349 167040
1350 256140
1351 256140
1352 256140
1353 256140
1354 256140
1355 256140
1356 256140
1357 256140
1358 256140
1359 256140
1360 309690
1361 309690
1362 309690
1363 309690
1364 509510
1365 509510
1366 509510
1367 274450
1368 246190
1369 187510
1370 53550
1371 53550
1372 53550
1373 53550
1374 53550
1375 53550
1376 53550
1377 53550
1378 53550
1379 53550
1380 53550
1381 53550
1382 140490
1383 167350
1384 167350
1385 167350
1386 167350
1387 167350
1388 167350
1389 167350
1390 167350
1391 167350
1392 167350
1393 167350
1394 167350
1395 167350
1396 167350
1397 167350
1398 167350
1399 167350
1400 167350
1401 167350
1402 113800
1403 26860
1404 0
1405 0
1406 0
1407 0
1408 0
1409 334160
1410 334160
1411 334160
1412 334160
1413 334160
1414 334160
1415 334160
1416 378260
1417 431810
1418 431810
1419 431810
1420 431810
1421 431810
1422 431810
1423 431810
1424 431810
1425 431810
1426 431810
1427 431810
1428 431810
1429 431810
1430 431810
1431 431810
1432 431810
1433 431810
1434 431810
1435 431810
1436 97650
1437 124510
1438 97650
1439 53550
1440 0
1441 0
1442 0
1443 0
1444 0
1445 0
1446 0
1447 0
1448 0
1449 0
1450 0
1451 0
1452 0
1453 0
1454 0
1455 0
1456 0
1457 0
1458 0
1459 0
1460 214760
1461 214760
1462 214760
1463 214760
1464 214760
1465 214760
1466 214760
1467 214760
1468 214760
1469 214760
1470 214760
1471 214760
1472 236880
1473 22120
1474 0
1475 0
1476 0
1477 0
1478 0
1479 0
1480 0
1481 0
1482 0
1483 0
1484 0
1485 0
1486 0
1487 0
1488 0
1489 126000
1490 193620
1491 215740
1492 244180
1493 244180
1494 244180
1495 357480
1496 357480
1497 357480
1498 357480
1499 357480
1500 357480
1501 357480
1502 357480
1503 357480
1504 357480
1505 357480
1506 231480
1507 203220
1508 89740
1509 19180
1510 0
1511 0
1512 0
1513 0
1514 0
1515 0
1516 0
1517 135660
1518 222600
1519 266700
1520 319820
1521 319820
1522 319820
1523 319820
1524 319820
1525 319820
1526 319820
1527 319820
1528 319820
1529 319820
1530 319820
1531 319820
1532 319820
1533 319820
1534 319820
1535 364790
1536 364790
1537 364790
1538 364790
1539 364790
1540 364790
1541 364790
1542 364790
1543 277850
1544 158000
1545 152900
1546 44100
1547 0
1548 0
1549 0
1550 0
1551 0
1552 0
1553 0
1554 0
1555 0
1556 0
1557 0
1558 0
1559 0
1560 0
1561 0
1562 0
1563 0
1564 0
1565 0
1566 0
1567 0
1568 0
1569 0
1570 0
1571 0
1572 0
1573 0
1574 0
1575 0
1576 0
1577 0
1578 0
1579 0
1580 0
1581 0
1582 0
1583 0
1584 0
1585 0
1586 0
1587 0
1588 0
1589 0
1590 0
1591 0
1592 0
1593 0
1594 0
1595 0
1596 0
1597 0
1598 0
1599 0
1600 0
1601 0
1602 0
1603 0
1604 0
1605 0
1606 0
1607 0
1608 0
1609 0
1610 0
1611 0
1612 0
1613 0
1614 0
1615 0
1616 0
1617 0
1618 0
1619 0
1620 0
1621 0
1622 0
1623 0
1624 0
1625 0
1626 0
1627 0
1628 0
1629 0
1630 0
1631 0
1632 0
1633 0
1634 0
1635 0
1636 0
1637 0
1638 0
1639 0
1640 0
1641 0
1642 0
1643 0
1644 0
1645 0
1646 0
1647 0
1648 0
1649 0
1650 0
1651 0
1652 0
1653 0
1654 0
1655 0
1656 0
1657 0
1658 0
1659 0
1660 0
1661 0
1662 0
1663 0
1664 0
1665 0
1666 0
1667 0
1668 0
1669 0
1670 0
1671 0
1672 0
1673 0
1674 0
1675 0
1676 0
1677 0
1678 0
1679 0
1680 0
1681 0
1682 0
1683 0
1684 0
1685 0
1686 0
1687 0
1688 0
1689 0
1690 0
1691 0
1692 0
1693 743400
1694 743400
1695 743400
1696 743400
1697 743400
1698 743400
1699 743400
1700 743400
1701 743400
1702 743400
1703 0
1704 0
1705 0
1706 0
1707 0
1708 0
1709 0
1710 0
1711 0
1712 0
1713 0
1714 0
1715 0
1716 0
1717 0
1718 0
1719 0
1720 0
1721 0
1722 0
1723 0
1724 0
1725 0
1726 0
1727 0
1728 0
1729 0
1730 0
1731 0
1732 0
1733 0
1734 0
1735 0
1736 0
1737 0
1738 0
1739 0
1740 0
1741 0
1742 0
1743 0
1744 0
1745 0
1746 0
1747 0
1748 0
1749 0
1750 0
1751 0
1752 0
1753 0
1754 0
1755 0
1756 0
1757 0
1758 0
1759 0
1760 0
1761 0
1762 0
1763 0
1764 0
1765 0
1766 0
1767 0
1768 0
1769 0
1770 0
1771 743400
1772 743400
1773 743400
1774 743400
1775 743400
1776 743400
1777 743400
1778 743400
1779 743400
1780 743400
1781 743400
1782 743400
1783 743400
1784 743400
1785 743400
1786 743400
1787 743400
1788 743400
1789 743400
1790 743400
1791 743400
1792 743400
1793 743400
1794 743400
1795 743400
1796 743400
1797 743400
1798 743400
1799 743400
1800 743400
1801 743400
1802 743400
1803 743400
1804 743400
1805 743400
1806 743400
1807 743400
1808 743400
1809 743400
1810 743400
1811 743400
1812 743400
1813 743400
1814 743400
1815 743400
1816 743400
1817 743400
1818 743400
1819 743400
1820 743400
1821 743400
1822 743400
1823 743400
1824 743400
1825 743400
1826 743400
1827 743400
1828 743400
1829 743400
1830 743400
1831 743400
1832 743400
1833 743400
1834 743400
1835 743400
1836 743400
1837 743400
1838 743400
1839 743400
1840 743400
1841 743400
1842 743400
1843 743400
1844 743400
1845 743400
1846 743400
1847 743400
1848 0
1849 28440
1850 28440
1851 56700
1852 56700
1853 85140
1854 113400
1855 113400
1856 141840
1857 198540
1858 198540
1859 226800
1860 226800
1861 226800
1862 280350
1863 333900
1864 333900
1865 387450
1866 475650
1867 502510
1868 502510
1869 529200
1870 529200
1871 529200
1872 529200
1873 529200
1874 529200
1875 529200
1876 529200
1877 529200
1878 529200
1879 529200
1880 529200
1881 529200
1882 529200
1883 500940
1884 472500
1885 444240
1886 387540
1887 387540
1888 387540
1889 387540
1890 387540
1891 387540
1892 387540
1893 387540
1894 387540
1895 387540
1896 387540
1897 387540
1898 387540
1899 387540
1900 387540
1901 387540
1902 387540
1903 387540
1904 387540
1905 387540
1906 387540
1907 387540
1908 387540
1909 387540
1910 387540
1911 387540
1912 387540
1913 387540
1914 387540
1915 359280
1916 699300
1917 721420
1918 743400
1919 716710
1920 743400
1921 743400
1922 743400
1923 743400
1924 743400
1925 743400
1926 743400
1927 743400
1928 743400
1929 743400
1930 743400
1931 743400
1932 655200
1933 677320
1934 699300
1935 699300
1936 699300
1937 699300
1938 699300
1939 699300
1940 699300
1941 699300
1942 699300
1943 699300
1944 699300
1945 699300
1946 699300
1947 699300
1948 699300
1949 699300
1950 699300
1951 359100
1952 337120
1953 310430
1954 256880
1955 203330
1956 181350
1957 159230
1958 159230
1959 159230
1960 159230
1961 159230
1962 236300
1963 236300
1964 236300
1965 236300
1966 236300
1967 236300
1968 236300
1969 236300
1970 236300
1971 236300
1972 236300
1973 236300
1974 236300
1975 236300
1976 236300
1977 236300
1978 338520
1979 338520
1980 338520
1981 338520
1982 338520
1983 338520
1984 338520
1985 338520
1986 338520
1987 338520
1988 338520
1989 236130
1990 207690
1991 179430
1992 152740
1993 75670
1994 75670
1995 75670
1996 75670
1997 75670
1998 75670
1999 75670
2000 75670
2001 163870
2002 192310
2003 220750
2004 334150
2005 460150
2006 460150
2007 516670
2008 516670
2009 516670
2010 516670
2011 516670
2012 516670
2013 516670
2014 516670
2015 516670
2016 516670
2017 516670
2018 516670
2019 516670
2020 516670
2021 516670
2022 516670
2023 516670
2024 516670
2025 516670
2026 516670
2027 543530
2028 455330
2029 427070
2030 398810
2031 285410
2032 285410
2033 285410
2034 285410
2035 285410
2036 285410
2037 285410
2038 285410
2039 285410
2040 338960
2041 361080
2042 361080
2043 361080
2044 361080
2045 361080
2046 442720
2047 442720
2048 442720
2049 442720
2050 442720
2051 442720
2052 442720
2053 442720
2054 442720
2055 442720
2056 442720
2057 442720
2058 442720
2059 442720
2060 442720
2061 442720
2062 487080
2063 433530
2064 517140
2065 517140
2066 460440
2067 488700
2068 488700
2069 488700
2070 576900
2071 720540
2072 720540
2073 720540
2074 720540
2075 720540
2076 720540
2077 720540
2078 698420
2079 720540
2080 693850
2081 720540
2082 720540
2083 720540
2084 720540
2085 720540
2086 698420
2087 698420
2088 698420
2089 698420
2090 698420
2091 698420
2092 698420
2093 670160
2094 544160
2095 455960
2096 433840
2097 407150
2098 325340
2099 280980
2100 197190
2101 197190
2102 197190
2103 197190
2104 197190
2105 197190
2106 197190
2107 197190
2108 228690
2109 228690
2110 228690
2111 228690
2112 228690
2113 228690
2114 228690
2115 228690
2116 228690
2117 228690
2118 228690
2119 228690
2120 228690
2121 376740
2122 376740
2123 485970
2124 485970
2125 485970
2126 485970
2127 485970
2128 485970
2129 485970
2130 485970
2131 485970
2132 454470
2133 306420
2134 197010
2135 219130
2136 241250
2137 285350
2138 307470
2139 307470
2140 307470
2141 307470
2142 307470
2143 361020
2144 361020
2145 361020
2146 361020
2147 361020
2148 361020
2149 361020
2150 405120
2151 433560
2152 433560
2153 433560
2154 433560
2155 433560
2156 433560
2157 433560
2158 433560
2159 433560
2160 433560
2161 433560
2162 433560
2163 433560
2164 433560
2165 433560
2166 433560
2167 411440
2168 389320
2169 367200
2170 323100
2171 179640
2172 179640
2173 179640
2174 179640
2175 179640
2176 179640
2177 179640
2178 195440
2179 195440
2180 195440
2181 195440
2182 195440
2183 195440
2184 195440
2185 243640
2186 265760
2187 329160
2188 406230
2189 406230
2190 434490
2191 461350
2192 461350
2193 461350
2194 461350
2195 461350
2196 461350
2197 461350
2198 461350
2199 461350
2200 461350
2201 461350
2202 461350
2203 461350
2204 445650
2205 423530
2206 360030
2207 386720
2208 342620
2209 315930
2210 262380
2211 214180
2212 137110
2213 351310
2214 351310
2215 351310
2216 351310
2217 351310
2218 351310
2219 351310
2220 351310
2221 351310
2222 351310
2223 351310
2224 351310
2225 351310
2226 351310
2227 351310
2228 351310
2229 351310
2230 351310
2231 351310
2232 351310
2233 351310
2234 438990
2235 438990
2236 465850
2237 492540
2238 514520
2239 514520
2240 514520
2241 514520
2242 514520
2243 300320
2244 212640
2245 185950
2246 159090
2247 137110
2248 137110
2249 137110
2250 137110
2251 137110
2252 137110
2253 137110
2254 137110
2255 163800
2256 163800
2257 163800
2258 163800
2259 163800
2260 163800
2261 163800
2262 163800
2263 163800
2264 387450
2265 387450
2266 387450
2267 387450
2268 387450
2269 387450
2270 387450
2271 387450
2272 387450
2273 387450
2274 387450
2275 387450
2276 387450
2277 387450
2278 387450
2279 163800
2280 135540
2281 107100
2282 80410
2283 26860
2284 26860
2285 26860
2286 26860
2287 26860
2288 26860
2289 26860
2290 26860
2291 26860
2292 26860
2293 26860
2294 26860
2295 26860
2296 26860
2297 26860
2298 26860
2299 26860
2300 26860
2301 26860
2302 26860
2303 329260
2304 356120
2305 382810
2306 382810
2307 411250
2308 411250
2309 411250
2310 411250
2311 411250
2312 411250
2313 411250
2314 411250
2315 411250
2316 108850
2317 82160
2318 55300
2319 168700
2320 225400
2321 225400
2322 225400
2323 225400
2324 225400
2325 225400
2326 225400
2327 225400
2328 225400
2329 225400
2330 225400
2331 225400
2332 225400
2333 225400
2334 225400
2335 225400
2336 225400
2337 225400
2338 225400
2339 332500
2340 332500
2341 332500
2342 332500
2343 332500
2344 387450
2345 387450
2346 387450
2347 387450
2348 387450
2349 387450
2350 330750
2351 223650
2352 196790
2353 168530
2354 168530
2355 168530
2356 168530
2357 222080
2358 222080
2359 222080
2360 222080
2361 222080
2362 222080
2363 222080
2364 222080
2365 222080
2366 222080
2367 222080
2368 222080
2369 222080
2370 222080
2371 222080
2372 222080
2373 222080
2374 222080
2375 222080
2376 222080
2377 222080
2378 222080
2379 222080
2380 222080
2381 222080
2382 222080
2383 222080
2384 250520
2385 278780
2386 225230
2387 196970
2388 168530
2389 55130
2390 143330
2391 231530
2392 294530
2393 310330
2394 310330
2395 310330
2396 310330
2397 310330
2398 310330
2399 310330
2400 310330
2401 310330
2402 310330
2403 310330
2404 310330
2405 310330
2406 310330
2407 310330
2408 310330
2409 491490
2410 491490
2411 491490
2412 491490
2413 491490
2414 491490
2415 491490
2416 491490
2417 491490
2418 491490
2419 491490
2420 518350
2421 518350
2422 518350
2423 518350
2424 430150
2425 367150
2426 393840
2427 378040
2428 351350
2429 351350
2430 351350
2431 351350
2432 351350
2433 351350
2434 351350
2435 351350
2436 351350
2437 351350
2438 351350
2439 351350
2440 351350
2441 351350
2442 351350
2443 351350
2444 351350
2445 351350
2446 351350
2447 351350
2448 351350
2449 351350
2450 351350
2451 351350
2452 351350
2453 351350
2454 351350
2455 351350
2456 351350
2457 439550
2458 439550
2459 455350
2460 439550
2461 258390
2462 170190
2463 170190
2464 170190
2465 170190
2466 170190
2467 170190
2468 281840
2469 344840
2470 344840
2471 344840
2472 344840
2473 344840
2474 344840
2475 344840
2476 344840
2477 344840
2478 344840
2479 344840
2480 373280
2481 401540
2482 401540
2483 401540
2484 401540
2485 401540
2486 401540
2487 401540
2488 401540
2489 401540
2490 401540
2491 401540
2492 401540
2493 401540
2494 289710
2495 226710
2496 198450
2497 170010
2498 115060
2499 88200
2500 0
2501 0
2502 0
2503 0
2504 0
2505 0
2506 0
2507 0
2508 0
2509 0
2510 48300
2511 76740
2512 183840
2513 183840
2514 183840
2515 183840
2516 183840
2517 183840
2518 183840
2519 183840
2520 183840
2521 183840
2522 183840
2523 183840
2524 183840
2525 183840
2526 183840
2527 183840
2528 183840
2529 183840
2530 183840
2531 183840
2532 183840
2533 155400
2534 48300
2535 0
2536 113400
2537 253790
2538 253790
2539 253790
2540 253790
2541 253790
2542 253790
2543 253790
2544 253790
2545 253790
2546 253790
2547 253790
2548 253790
2549 316790
2550 316790
2551 316790
2552 316790
2553 316790
2554 404990
2555 431150
2556 431150
2557 431150
2558 431150
2559 431150
2560 431150
2561 459410
2562 459410
2563 459410
2564 459410
2565 459410
2566 459410
2567 459410
2568 459410
2569 346010
2570 283010
2571 194810
2572 166550
2573 166550
2574 26160
2575 0
2576 0
2577 0
2578 0
2579 0
2580 26860
2581 53550
2582 53550
2583 53550
2584 53550
2585 53550
2586 53550
2587 53550
2588 53550
2589 53550
2590 53550
2591 53550
2592 53550
2593 53550
2594 53550
2595 53550
2596 53550
2597 53550
2598 53550
2599 53550
2600 53550
2601 53550
2602 53550
2603 53550
2604 53550
2605 53550
2606 53550
2607 53550
2608 53550
2609 53550
2610 80410
2611 133960
2612 107270
2613 53720
2614 53720
2615 53720
2616 53720
2617 53720
2618 53720
2619 53720
2620 53720
2621 53720
2622 53720
2623 53720
2624 53720
2625 53720
2626 53720
2627 53720
2628 53720
2629 388280
2630 414970
2631 503170
2632 503170
2633 503170
2634 503170
2635 503170
2636 503170
2637 503170
2638 503170
2639 503170
2640 503170
2641 503170
2642 503170
2643 503170
2644 503170
2645 476480
2646 388280
2647 53720
2648 26860
2649 0
2650 0
2651 0
2652 0
2653 0
2654 0
2655 0
2656 0
2657 0
2658 0
2659 0
2660 0
2661 0
2662 0
2663 0
2664 0
2665 0
2666 112000
2667 161110
2668 161110
2669 161110
2670 161110
2671 161110
2672 161110
2673 161110
2674 161110
2675 161110
2676 161110
2677 161110
2678 161110
2679 161110
2680 161110
2681 161110
2682 187970
2683 138690
2684 111830
2685 0
2686 0
2687 0
2688 0
2689 0
2690 0
2691 0
2692 0
2693 0
2694 0
2695 0
2696 0
2697 0
2698 44100
2699 66220
2700 66220
2701 66220
2702 66220
2703 66220
2704 66220
2705 66220
2706 66220
2707 66220
2708 66220
2709 168080
2710 168080
2711 168080
2712 168080
2713 168080
2714 168080
2715 168080
2716 168080
2717 145960
2718 44100
2719 0
2720 0
2721 0
2722 0
2723 0
2724 0
2725 0
2726 0
2727 0
2728 88200
2729 115060
2730 171760
2731 298560
2732 327000
2733 327000
2734 327000
2735 327000
2736 327000
2737 327000
2738 327000
2739 327000
2740 327000
2741 437250
2742 437250
2743 437250
2744 437250
2745 437250
2746 437250
2747 437250
2748 437250
2749 437250
2750 437250
2751 437250
2752 437250
2753 410560
2754 283590
2755 255150
2756 144900
2757 144900
2758 144900
2759 144900
2760 144900
2761 144900
2762 144900
2763 144900
2764 144900
2765 144900
2766 144900
2767 144900
2768 144900
2769 144900
2770 144900
2771 144900
2772 144900
2773 144900
2774 144900
2775 144900
2776 252000
2777 252000
2778 252000
2779 252000
2780 350870
2781 350870
2782 350870
2783 350870
2784 350870
2785 350870
2786 350870
2787 350870
2788 243770
2789 144900
2790 88200
2791 88200
2792 88200
2793 88200
2794 104000
2795 119700
2796 182700
2797 198500
2798 215170
2799 215170
2800 215170
2801 215170
2802 215170
2803 215170
2804 215170
2805 215170
2806 215170
2807 215170
2808 271870
2809 271870
2810 271870
2811 271870
2812 271870
2813 271870
2814 271870
2815 271870
2816 271870
2817 271870
2818 271870
2819 271870
2820 383700
2821 437250
2822 437250
2823 437250
2824 421550
2825 405750
2826 342750
2827 326950
2828 310280
2829 198450
2830 110250
2831 53550
2832 0
2833 28440
2834 56700
2835 56700
2836 56700
2837 56700
2838 56700
2839 56700
2840 56700
2841 56700
2842 56700
2843 56700
2844 56700
2845 110250
2846 137110
2847 137110
2848 137110
2849 137110
2850 234230
2851 234230
2852 234230
2853 234230
2854 234230
2855 234230
2856 234230
2857 234230
2858 234230
2859 234230
2860 234230
2861 234230
2862 234230
2863 234230
2864 234230
2865 205970
2866 108850
2867 55300
2868 26860
2869 0
2870 63970
2871 63970
2872 63970
2873 63970
2874 63970
2875 63970
2876 63970
2877 63970
2878 63970
2879 63970
2880 63970
2881 63970
2882 63970
2883 63970
2884 63970
2885 63970
2886 215170
2887 243610
2888 272050
2889 272050
2890 272050
2891 328750
2892 357010
2893 401110
2894 401110
2895 401110
2896 401110
2897 401110
2898 457810
2899 484500
2900 484500
2901 484500
2902 484500
2903 420530
2904 269330
2905 240890
2906 184190
2907 184190
2908 184190
2909 184190
2910 184190
2911 184190
2912 184190
2913 184190
2914 184190
2915 184190
2916 184190
2917 184190
2918 184190
2919 184190
2920 184190
2921 184190
2922 184190
2923 184190
2924 184190
2925 184190
2926 184190
2927 184190
2928 184190
2929 184190
2930 290930
2931 313050
2932 313050
2933 313050
2934 313050
2935 417020
2936 417020
2937 417020
2938 310280
2939 288160
2940 184190
2941 127490
2942 99230
2943 70790
2944 44100
2945 44100
2946 0
2947 0
2948 0
2949 0
2950 0
2951 0
2952 15800
2953 31500
2954 99120
2955 130620
2956 146420
2957 162120
2958 194120
2959 194120
2960 194120
2961 194120
2962 194120
2963 194120
2964 194120
2965 194120
2966 194120
2967 194120
2968 194120
2969 194120
2970 194120
2971 194120
2972 194120
2973 194120
2974 194120
2975 194120
2976 194120
2977 194120
2978 194120
2979 194120
2980 194120
2981 194120
2982 194120
2983 216240
2984 200540
2985 184740
2986 169040
2987 169040
2988 169040
2989 169040
2990 169040
2991 282440
2992 282440
2993 282440
2994 282440
2995 282440
2996 282440
2997 282440
2998 282440
2999 282440
3000 282440
3001 282440
3002 335990
3003 362850
3004 389710
3005 418150
3006 418150
3007 418150
3008 418150
3009 418150
3010 418150
3011 418150
3012 418150
3013 418150
3014 418150
3015 418150
3016 418150
3017 418150
3018 418150
3019 304750
3020 277890
3021 251030
3022 222590
3023 394060
3024 394060
3025 394060
3026 394060
3027 394060
3028 394060
3029 394060
3030 394060
3031 394060
3032 394060
3033 394060
3034 394060
3035 394060
3036 394060
3037 394060
3038 394060
3039 394060
3040 394060
3041 394060
3042 326440
3043 420700
3044 420700
3045 420700
3046 420700
3047 420700
3048 420700
3049 420700
3050 477400
3051 477400
3052 505660
3053 473660
3054 302230
3055 208110
3056 179670
3057 126120
3058 110320
3059 88200
3060 31500
3061 0
3062 0
3063 0
3064 0
3065 0
3066 0
3067 0
3068 0
3069 0
3070 0
3071 0
3072 0
3073 209610
3074 209610
3075 209610
3076 209610
3077 209610
3078 209610
3079 209610
3080 209610
3081 209610
3082 209610
3083 209610
3084 209610
3085 272610
3086 354650
3087 354650
3088 354650
3089 354650
3090 354650
3091 422270
3092 212660
3093 130620
3094 63000
3095 0
3096 0
3097 0
3098 0
3099 0
3100 0
3101 0
3102 0
3103 0
3104 0
3105 0
3106 0
3107 0
3108 0
3109 0
3110 0
3111 0
3112 0
3113 0
3114 0
3115 0
3116 0
3117 0
3118 0
3119 0
3120 0
3121 0
3122 0
3123 407360
3124 407360
3125 407360
3126 407360
3127 407360
3128 407360
3129 0
3130 0
3131 0
3132 0
3133 0
3134 0
3135 0
3136 0
3137 0
3138 0
3139 0
3140 0
3141 56880
3142 56880
3143 56880
3144 56880
3145 56880
3146 56880
3147 56880
3148 56880
3149 56880
3150 56880
3151 56880
3152 56880
3153 56880
3154 56880
3155 56880
3156 56880
3157 56880
3158 56880
3159 56880
3160 145080
3161 145080
3162 176580
3163 119700
3164 31500
3165 0
3166 97510
3167 97510
3168 97510
3169 97510
3170 97510
3171 97510
3172 97510
3173 97510
3174 97510
3175 97510
3176 97510
3177 97510
3178 97510
3179 97510
3180 97510
3181 97510
3182 97510
3183 97510
3184 97510
3185 97510
3186 97510
3187 97510
3188 97510
3189 97510
3190 97510
3191 97510
3192 97510
3193 97510
3194 97510
3195 97510
3196 0
3197 0
3198 0
3199 0
3200 0
3201 28440
3202 28440
3203 28440
3204 28440
3205 28440
3206 28440
3207 28440
3208 28440
3209 28440
3210 253740
3211 269540
3212 296400
3213 323090
3214 440120
3215 440120
3216 440120
3217 440120
3218 440120
3219 440120
3220 440120
3221 440120
3222 440120
3223 440120
3224 440120
3225 462240
3226 462240
3227 462240
3228 462240
3229 433980
3230 208670
3231 181980
3232 155120
3233 133000
3234 133000
3235 133000
3236 133000
3237 133000
3238 231720
3239 231720
3240 231720
3241 231720
3242 231720
3243 231720
3244 231720
3245 231720
3246 231720
3247 231720
3248 231720
3249 231720
3250 231720
3251 231720
3252 231720
3253 231720
3254 231720
3255 231720
3256 231720
3257 231720
3258 231720
3259 231720
3260 231720
3261 231720
3262 231720
3263 231720
3264 258580
3265 231720
3266 215920
3267 98720
3268 98720
3269 98720
3270 516440
3271 532240
3272 564800
3273 564800
3274 564800
3275 564800
3276 564800
3277 564800
3278 564800
3279 564800
3280 564800
3281 564800
3282 564800
3283 564800
3284 564800
3285 564800
3286 564800
3287 564800
3288 564800
3289 564800
3290 564800
3291 564800
3292 564800
3293 564800
3294 564800
3295 564800
3296 564800
3297 564800
3298 564800
3299 549000
3300 131280
3301 98480
3302 0
3303 0
3304 0
3305 0
3306 0
3307 0
3308 0
3309 0
3310 0
3311 0
3312 0
3313 26860
3314 26860
3315 26860
3316 26860
3317 26860
3318 26860
3319 26860
3320 26860
3321 26860
3322 26860
3323 26860
3324 26860
3325 42660
3326 42660
3327 42660
3328 42660
3329 42660
3330 42660
3331 42660
3332 42660
3333 15800
3334 0
3335 0
3336 0
3337 0
3338 0
3339 0
3340 0
3341 0
3342 0
3343 0
3344 113060
3345 113060
3346 113060
3347 113060
3348 113060
3349 113060
3350 113060
3351 113060
3352 113060
3353 113060
3354 113060
3355 113060
3356 113060
3357 113060
3358 113060
3359 113060
3360 113060
3361 113060
3362 339860
3363 371360
3364 398050
3365 505150
3366 558700
3367 558700
3368 532010
3369 424910
3370 198110
3371 198110
3372 198110
3373 198110
3374 198110
3375 198110
3376 229610
3377 229610
3378 229610
3379 229610
3380 229610
3381 229610
3382 229610
3383 229610
3384 229610
3385 229610
3386 229610
3387 229610
3388 229610
3389 229610
3390 229610
3391 229610
3392 229610
3393 229610
3394 229610
3395 229610
3396 229610
3397 229610
3398 229610
3399 229610
3400 229610
3401 229610
3402 198110
3403 144560
3404 31500
3405 0
3406 0
3407 0
3408 0
3409 0
3410 0
3411 0
3412 0
3413 0
3414 0
3415 0
3416 0
3417 0
3418 0
3419 0
3420 155210
3421 155210
3422 155210
3423 155210
3424 155210
3425 155210
3426 155210
3427 155210
3428 155210
3429 155210
3430 155210
3431 155210
3432 155210
3433 155210
3434 155210
3435 155210
3436 237150
3437 264010
3438 108800
3439 81940
3440 0
3441 0
3442 0
3443 0
3444 0
3445 0
3446 0
3447 0
3448 0
3449 0
3450 0
3451 0
3452 0
3453 0
3454 0
3455 0
3456 113400
3457 200340
3458 200340
3459 253890
3460 282050
3461 282050
3462 282050
3463 282050
3464 282050
3465 282050
3466 282050
3467 282050
3468 282050
3469 313550
3470 313550
3471 313550
3472 313550
3473 313550
3474 200150
3475 171990
3476 85050
3477 111910
3478 134030
3479 134030
3480 134030
3481 134030
3482 134030
3483 134030
3484 304110
3485 319810
3486 319810
3487 319810
3488 379700
3489 379700
3490 379700
3491 379700
3492 379700
3493 379700
3494 379700
3495 379700
3496 379700
3497 379700
3498 379700
3499 379700
3500 379700
3501 379700
3502 379700
3503 379700
3504 379700
3505 379700
3506 379700
3507 379700
3508 379700
3509 352840
3510 182860
3511 167060
3512 113510
3513 141850
3514 141850
3515 168710
3516 168710
3517 168710
3518 168710
3519 168710
3520 168710
3521 168710
3522 168710
3523 168710
3524 168710
3525 168710
3526 168710
3527 168710
3528 168710
3529 168710
3530 168710
3531 168710
3532 394030
3533 394030
3534 394030
3535 394030
3536 394030
3537 394030
3538 394030
3539 394030
3540 394030
3541 394030
3542 564110
3543 579810
3544 551650
3545 524790
3546 493290
3547 267790
3548 374890
3549 374890
3550 374890
3551 374890
3552 374890
3553 374890
3554 374890
3555 374890
3556 374890
3557 374890
3558 374890
3559 374890
3560 374890
3561 374890
3562 374890
3563 374890
3564 428440
3565 428440
3566 428440
3567 428440
3568 428440
3569 428440
3570 428440
3571 428440
3572 428440
3573 428440
3574 368550
3575 518250
3576 518250
3577 518250
3578 348270
3579 332470
3580 225370
3581 75670
3582 53550
3583 0
3584 0
3585 0
3586 0
3587 86940
3588 115380
3589 115380
3590 115380
3591 115380
3592 115380
3593 115380
3594 115380
3595 115380
3596 115380
3597 115380
3598 115380
3599 115380
3600 115380
3601 115380
3602 115380
3603 115380
3604 115380
3605 115380
3606 115380
3607 115380
3608 115380
3609 115380
3610 115380
3611 115380
3612 503820
3613 503820
3614 503820
3615 115380
3616 28440
3617 0
3618 0
3619 0
3620 0
3621 0
3622 0
3623 0
3624 0
3625 0
3626 0
3627 0
3628 0
3629 0
3630 0
3631 0
3632 0
3633 0
3634 0
3635 0
3636 0
3637 0
3638 0
3639 31500
3640 63000
3641 63000
3642 63000
3643 63000
3644 63000
3645 63000
3646 63000
3647 63000
3648 112900
3649 81400
3650 49900
3651 0
3652 0
3653 0
3654 0
3655 0
3656 0
3657 0
3658 0
3659 0
3660 0
3661 0
3662 0
3663 0
3664 0
3665 0
3666 0
3667 0
3668 0
3669 0
3670 0
3671 0
3672 0
3673 0
3674 0
3675 0
3676 0
3677 0
3678 0
3679 0
3680 0
3681 0
3682 0
3683 28440
3684 56700
3685 85140
3686 56880
3687 28440
3688 28440
3689 28440
3690 28440
3691 28440
3692 28440
3693 242640
3694 419040
3695 434840
3696 434840
3697 434840
3698 434840
3699 434840
3700 434840
3701 434840
3702 434840
3703 434840
3704 434840
3705 434840
3706 434840
3707 434840
3708 434840
3709 434840
3710 434840
3711 434840
3712 434840
3713 434840
3714 434840
3715 434840
3716 434840
3717 434840
3718 434840
3719 220640
3720 44240
3721 28440
3722 0
3723 0
3724 0
3725 0
3726 0
3727 0
3728 0
3729 0
3730 0
3731 0
3732 0
3733 0
3734 0
3735 0
3736 0
3737 0
3738 0
3739 113400
3740 113400
3741 113400
3742 113400
3743 113400
3744 231040
3745 279340
3746 310840
3747 364390
3748 417940
3749 417940
3750 417940
3751 417940
3752 417940
3753 417940
3754 417940
3755 417940
3756 304540
3757 256240
3758 202690
3759 149140
3760 31500
3761 0
3762 0
3763 0
3764 0
3765 0
3766 0
3767 0
3768 0
3769 0
3770 0
3771 0
3772 0
3773 0
3774 0
3775 0
3776 0
3777 0
3778 0
3779 0
3780 0
3781 0
3782 0
3783 0
3784 0
3785 0
3786 0
3787 0
3788 0
3789 0
3790 0
3791 0
3792 0
3793 0
3794 0
3795 0
3796 0
3797 0
3798 0
3799 0
3800 0
3801 0
3802 0
3803 0
3804 0
3805 0
3806 0
3807 0
3808 0
3809 0
3810 0
3811 0
3812 0
3813 0
3814 0
3815 0
3816 0
3817 0
3818 0
3819 0
3820 0
3821 0
3822 0
3823 0
3824 0
3825 0
3826 0
3827 0
3828 0
3829 0
3830 0
3831 0
3832 0
3833 0
3834 0
3835 0
3836 0
3837 0
3838 0
3839 0
3840 0
3841 0
3842 0
3843 0
3844 0
3845 0
3846 0
3847 0
3848 0
3849 0
3850 0
3851 0
3852 0
3853 0
3854 0
3855 0
3856 0
3857 0
3858 0
3859 0
3860 0
3861 0
3862 0
3863 0
3864 0
3865 0
3866 0
3867 0
3868 0
3869 0
3870 0
3871 0
3872 0
3873 0
3874 0
3875 0
3876 0
3877 0
3878 0
3879 0
3880 0
3881 0
3882 0
3883 0
3884 0
3885 0
3886 0
3887 0
3888 0
3889 0
3890 0
3891 0
3892 0
3893 0
3894 0
3895 0
3896 0
3897 0
3898 0
3899 0
3900 0
3901 0
3902 0
3903 0
3904 0
3905 0
3906 0
3907 0
3908 0
3909 0
3910 0
3911 0
3912 0
3913 0
3914 0
3915 0
3916 0
3917 0
3918 0
3919 0
3920 0
3921 0
3922 0
3923 0
3924 0
3925 0
3926 0
3927 0
3928 0
3929 0
3930 0
3931 0
3932 0
3933 0
3934 0
3935 0
3936 0
3937 0
3938 0
3939 0
3940 0
3941 743400
3942 743400
3943 743400
3944 743400
3945 743400
3946 743400
3947 0
3948 0
3949 0
3950 0
3951 0
3952 0
3953 0
3954 0
3955 0
3956 0
3957 0
3958 0
3959 0
3960 0
3961 0
3962 0
3963 0
3964 0
3965 0
3966 0
3967 0
3968 0
3969 0
3970 0
3971 0
3972 0
3973 0
3974 0
3975 0
3976 0
3977 0
3978 0
3979 0
3980 0
3981 0
3982 0
3983 0
3984 0
3985 0
3986 0
3987 0
3988 0
3989 0
3990 0
3991 0
3992 0
3993 0
3994 0
3995 0
3996 0
3997 0
3998 0
3999 0
4000 0
4001 0
4002 0
4003 0
4004 0
4005 0
4006 0
4007 0
4008 0
4009 0
4010 0
4011 0
4012 0
4013 0
4014 0
4015 0
4016 0
4017 0
4018 0
4019 743400
4020 743400
4021 743400
4022 743400
4023 743400
4024 743400
4025 743400
4026 743400
4027 743400
4028 743400
4029 743400
4030 743400
4031 743400
4032 743400
4033 743400
4034 743400
4035 743400
4036 743400
4037 743400
4038 743400
4039 743400
4040 743400
4041 743400
4042 743400
4043 743400
4044 743400
4045 743400
4046 743400
4047 743400
4048 743400
4049 743400
4050 743400
4051 743400
4052 743400
4053 743400
4054 743400
4055 743400
4056 743400
4057 743400
4058 743400
4059 743400
4060 743400
4061 743400
4062 743400
4063 743400
4064 743400
4065 743400
4066 743400
4067 743400
4068 743400
4069 743400
4070 743400
4071 743400
4072 743400
4073 743400
4074 743400
4075 743400
4076 743400
4077 743400
4078 743400
4079 743400
4080 743400
4081 743400
4082 743400
4083 743400
4084 743400
4085 743400
4086 743400
4087 743400
4088 743400
4089 743400
4090 743400
4091 743400
4092 743400
4093 743400
4094 743400
4095 743400
4096 0
