0 0
1 15800
2 15800
3 31500
4 31500
5 31500
6 47300
7 63000
8 78800
9 78800
10 78800
11 110300
12 126000
13 126000
14 126000
15 182700
16 233100
17 233100
18 283500
19 396900
20 422180
21 422180
22 422180
23 422180
24 447300
25 447300
26 447300
27 447300
28 447300
29 447300
30 447300
31 447300
32 447300
33 431600
34 431600
35 431600
36 415800
37 415800
38 415800
39 415800
40 415800
41 415800
42 415800
43 415800
44 415800
45 415800
46 415800
47 415800
48 415800
49 415800
50 415800
51 415800
52 415800
53 415800
54 415800
55 415800
56 415800
57 415800
58 415800
59 415800
60 415800
61 415800
62 415800
63 415800
64 415800
65 415800
66 415800
67 415800
68 415800
69 415800
70 431600
71 333900
72 422180
73 390600
74 396900
75 431600
76 431600
77 422180
78 396900
79 396900
80 768600
81 768600
82 768600
83 768600
84 768600
85 768600
86 768600
87 768600
88 768600
89 768600
90 768600
91 768600
92 768600
93 768600
94 768600
95 768600
96 768600
97 768600
98 768600
99 768600
100 768600
101 768600
102 768600
103 768600
104 768600
105 768600
106 768600
107 768600
108 768600
109 768600
110 768600
111 214380
112 214380
113 214380
114 214380
115 214380
116 214380
117 214380
118 214380
119 214380
120 214380
121 214380
122 214380
123 214380
124 214380
125 214380
126 214380
127 214380
128 214380
129 214380
130 214380
131 214380
132 214380
133 214380
134 214380
135 214380
136 214380
137 214380
138 214380
139 214380
140 214380
141 214380
142 214380
143 214380
144 214380
145 214380
146 214380
147 214380
148 214380
149 214380
150 214380
151 214380
152 214380
153 529340
154 529340
155 529340
156 529340
157 529340
158 529340
159 529340
160 579740
161 579740
162 693140
163 721400
164 721400
165 721400
166 721400
167 721400
168 721400
169 721400
170 721400
171 721400
172 721400
173 721400
174 721400
175 721400
176 721400
177 721400
178 721400
179 721400
180 721400
181 570530
182 570530
183 572100
184 572100
185 572100
186 572100
187 572100
188 572100
189 572100
190 572100
191 572100
192 572100
193 572100
194 572100
195 572100
196 572100
197 572100
198 572100
199 572100
200 572100
201 572100
202 572100
203 572100
204 572100
205 572100
206 572100
207 572100
208 572100
209 745080
210 745080
211 745080
212 745080
213 718390
214 718390
215 745080
216 719800
217 719800
218 637980
219 637980
220 637980
221 637980
222 637980
223 637980
224 637980
225 637980
226 637980
227 565620
228 565620
229 565620
230 565620
231 565620
232 549700
233 499300
234 499300
235 499300
236 499300
237 499300
238 499300
239 499300
240 499300
241 499300
242 499300
243 499300
244 499300
245 499300
246 499300
247 253560
248 367000
249 367000
250 367000
251 313450
252 367000
253 367000
254 367000
255 367000
256 367000
257 367000
258 367000
259 367000
260 367000
261 367000
262 367000
263 367000
264 367000
265 367000
266 367000
267 367000
268 367000
269 367000
270 367000
271 367000
272 367000
273 367000
274 367000
275 367000
276 367000
277 367000
278 367000
279 367000
280 367000
281 367000
282 367000
283 367000
284 367000
285 367000
286 194020
287 194020
288 194020
289 194020
290 194020
291 194020
292 194020
293 194020
294 194020
295 194020
296 194020
297 194020
298 194020
299 194020
300 194020
301 194020
302 194020
303 194020
304 194020
305 340310
306 398500
307 398500
308 398500
309 398500
310 398500
311 398500
312 398500
313 398500
314 398500
315 398500
316 398500
317 398500
318 398500
319 227050
320 227050
321 356250
322 242850
323 242850
324 242850
325 242850
326 242850
327 242850
328 242850
329 242850
330 242850
331 242850
332 242850
333 242850
334 242850
335 242850
336 242850
337 242850
338 242850
339 242850
340 242850
341 242850
342 242850
343 242850
344 242850
345 242850
346 242850
347 242850
348 242850
349 242850
350 274310
351 274310
352 274310
353 274310
354 274310
355 274310
356 356250
357 356250
358 274310
359 274310
360 687240
361 687240
362 687240
363 687240
364 687240
365 687240
366 687240
367 687240
368 687240
369 687240
370 687240
371 687240
372 687240
373 687240
374 687240
375 687240
376 687240
377 687240
378 687240
379 687240
380 687240
381 687240
382 687240
383 687240
384 687240
385 687240
386 687240
387 687240
388 671540
389 687240
390 715680
391 633740
392 715680
393 715680
394 699980
395 699980
396 699980
397 665280
398 665280
399 665280
400 665280
401 665280
402 665280
403 665280
404 665280
405 665280
406 682650
407 714150
408 714150
409 714150
410 714150
411 714150
412 742410
413 742410
414 742410
415 742410
416 742410
417 742410
418 742410
419 742410
420 538890
421 538890
422 718660
423 718660
424 743940
425 743940
426 743940
427 743940
428 743940
429 743940
430 630540
431 630540
432 743940
433 715680
434 715680
435 715680
436 715680
437 715680
438 715680
439 715680
440 715680
441 715680
442 715680
443 715680
444 715680
445 715680
446 671540
447 660550
448 745740
449 745740
450 745740
451 714240
452 714240
453 714240
454 714240
455 714240
456 714240
457 714240
458 714240
459 714240
460 714240
461 714240
462 714240
463 714240
464 670100
465 689120
466 689120
467 689120
468 689120
469 629100
470 629100
471 629100
472 629100
473 629100
474 558270
475 768600
476 768600
477 768600
478 768600
479 768600
480 768600
481 768600
482 768600
483 768600
484 768600
485 768600
486 768600
487 619320
488 619320
489 619320
490 619320
491 653930
492 693290
493 693290
494 693290
495 693290
496 390920
497 526410
498 526410
499 551400
500 576520
501 601800
502 601800
503 601800
504 601800
505 601800
506 601800
507 601800
508 601800
509 601800
510 601800
511 601800
512 576680
513 576680
514 576680
515 576680
516 576680
517 576680
518 576680
519 504230
520 743420
521 743420
522 743420
523 743420
524 743420
525 743420
526 743420
527 743420
528 743420
529 497920
530 579570
531 659810
532 659810
533 659810
534 659810
535 659810
536 659810
537 659810
538 659810
539 659810
540 471060
541 471060
542 471060
543 471060
544 471060
545 471060
546 471060
547 471060
548 471060
549 471060
550 471060
551 471060
552 471060
553 471060
554 471060
555 471060
556 471060
557 471060
558 419080
559 419080
560 419080
561 419080
562 419080
563 419080
564 419080
565 261660
566 428500
567 415940
568 412700
569 415940
570 419080
571 419080
572 737100
573 752900
574 768600
575 768600
576 768600
577 768600
578 768600
579 768600
580 768600
581 768600
582 768600
583 768600
584 768600
585 768600
586 768600
587 768600
588 768600
589 768600
590 768600
591 768600
592 768600
593 768600
594 768600
595 768600
596 768600
597 768600
598 768600
599 768600
600 768600
601 768600
602 768600
603 743480
604 743480
605 318200
606 318200
607 318200
608 318200
609 318200
610 318200
611 318200
612 318200
613 318200
614 318200
615 318200
616 318200
617 318200
618 318200
619 318200
620 318200
621 318200
622 318200
623 768600
624 768600
625 768600
626 768600
627 768600
628 768600
629 768600
630 768600
631 768600
632 768600
633 768600
634 752900
635 752900
636 768600
637 768600
638 768600
639 768600
640 768600
641 768600
642 768600
643 768600
644 768600
645 768600
646 737100
647 737100
648 737100
649 768600
650 768600
651 768600
652 768600
653 768600
654 768600
655 768600
656 768600
657 768600
658 768600
659 768600
660 768600
661 768600
662 768600
663 768600
664 768600
665 768600
666 768600
667 768600
668 768600
669 768600
670 601920
671 768600
672 768600
673 737100
674 661500
675 661500
676 740340
677 661500
678 661500
679 661500
680 661500
681 661500
682 661500
683 661500
684 661500
685 661500
686 661500
687 661500
688 661500
689 661500
690 661500
691 661500
692 661500
693 661500
694 661500
695 661500
696 661500
697 661500
698 661500
699 661500
700 661500
701 661500
702 752900
703 752900
704 752900
705 752900
706 752900
707 752900
708 752900
709 740340
710 667800
711 667800
712 667800
713 667800
714 667800
715 667800
716 667800
717 667800
718 667800
719 667800
720 667800
721 667800
722 667800
723 667800
724 667800
725 667800
726 667800
727 667800
728 667800
729 490100
730 597200
731 597200
732 597200
733 597200
734 597200
735 597200
736 597200
737 597200
738 597200
739 597200
740 597200
741 597200
742 597200
743 441280
744 441280
745 301080
746 354740
747 414580
748 361040
749 361040
750 361040
751 361040
752 361040
753 361040
754 361040
755 361040
756 361040
757 361040
758 361040
759 361040
760 361040
761 361040
762 361040
763 361040
764 361040
765 361040
766 361040
767 361040
768 361040
769 361040
770 515340
771 515340
772 515340
773 515340
774 515340
775 515340
776 515340
777 515340
778 515340
779 515340
780 515340
781 515340
782 342000
783 379880
784 379880
785 379880
786 485240
787 485240
788 485240
789 485240
790 485240
791 485240
792 485240
793 485240
794 485240
795 485240
796 485240
797 485240
798 485240
799 485240
800 485240
801 485240
802 485240
803 485240
804 485240
805 485240
806 485240
807 485240
808 485240
809 485240
810 485240
811 485240
812 485240
813 485240
814 485240
815 485240
816 485240
817 211180
818 211180
819 211180
820 211180
821 211180
822 211180
823 211180
824 211180
825 211180
826 211180
827 211180
828 211180
829 211180
830 211180
831 211180
832 211180
833 211180
834 211180
835 211180
836 211180
837 211180
838 211180
839 211180
840 211180
841 211180
842 211180
843 211180
844 211180
845 211180
846 211180
847 211180
848 293000
849 293000
850 293000
851 293000
852 293000
853 293000
854 293000
855 293000
856 293000
857 293000
858 293000
859 293000
860 293000
861 293000
862 293000
863 293000
864 293000
865 293000
866 293000
867 293000
868 293000
869 293000
870 293000
871 293000
872 293000
873 293000
874 293000
875 293000
876 165460
877 181260
878 244260
879 357660
880 357660
881 357660
882 357660
883 357660
884 357660
885 316700
886 269500
887 269500
888 269500
889 269500
890 269500
891 269500
892 269500
893 269500
894 269500
895 269500
896 269500
897 269500
898 269500
899 269500
900 269500
901 269500
902 269500
903 269500
904 269500
905 269500
906 269500
907 269500
908 269500
909 269500
910 269500
911 269500
912 269500
913 269500
914 269500
915 269500
916 269500
917 269500
918 269500
919 269500
920 290110
921 290110
922 290110
923 290110
924 688690
925 688690
926 688690
927 688690
928 688690
929 688690
930 688690
931 688690
932 672890
933 672890
934 672890
935 672890
936 672890
937 672890
938 672890
939 672890
940 672890
941 672890
942 543690
943 672890
944 672890
945 672890
946 672890
947 672890
948 672890
949 672890
950 672890
951 672890
952 672890
953 505820
954 505820
955 505820
956 392420
957 392420
958 505820
959 398720
960 505820
961 480700
962 490020
963 505820
964 480700
965 378140
966 477380
967 477380
968 477380
969 477380
970 477380
971 477380
972 477380
973 477380
974 477380
975 477380
976 477380
977 477380
978 477380
979 477380
980 477380
981 477380
982 477380
983 477380
984 477380
985 477380
986 694970
987 694970
988 694970
989 694970
990 694970
991 694970
992 694970
993 691630
994 691630
995 691630
996 691630
997 691630
998 691630
999 691630
1000 691630
1001 290180
1002 290180
1003 290180
1004 290180
1005 290180
1006 290180
1007 290180
1008 290180
1009 290180
1010 290180
1011 718450
1012 718450
1013 718450
1014 718450
1015 718450
1016 718450
1017 718450
1018 718450
1019 718450
1020 718450
1021 718450
1022 718450
1023 718450
1024 718450
1025 718450
1026 718450
1027 718450
1028 718450
1029 718450
1030 718450
1031 718450
1032 718450
1033 718450
1034 718450
1035 718450
1036 718450
1037 718450
1038 718450
1039 718450
1040 609710
1041 609710
1042 609710
1043 609710
1044 609710
1045 609710
1046 609710
1047 609710
1048 609710
1049 609710
1050 609710
1051 609710
1052 609710
1053 609710
1054 609710
1055 609710
1056 609710
1057 609710
1058 609710
1059 609710
1060 609710
1061 609710
1062 609710
1063 609710
1064 609710
1065 609710
1066 609710
1067 609710
1068 609710
1069 609710
1070 609710
1071 609710
1072 609710
1073 609710
1074 609710
1075 609710
1076 609710
1077 609710
1078 609710
1079 609710
1080 589230
1081 614510
1082 614510
1083 614510
1084 614510
1085 715310
1086 768600
1087 579740
1088 636440
1089 636440
1090 636440
1091 636440
1092 636440
1093 636440
1094 636440
1095 636440
1096 636440
1097 636440
1098 636440
1099 442860
1100 501050
1101 727850
1102 727850
1103 727850
1104 727850
1105 727850
1106 727850
1107 727850
1108 727850
1109 727850
1110 727850
1111 727850
1112 727850
1113 727850
1114 727850
1115 727850
1116 727850
1117 727850
1118 677450
1119 712050
1120 701160
1121 627050
1122 627050
1123 702730
1124 501050
1125 701160
1126 701160
1127 701160
1128 701160
1129 701160
1130 701160
1131 701160
1132 696350
1133 664850
1134 620680
1135 674300
1136 674300
1137 674300
1138 674300
1139 674300
1140 674300
1141 674300
1142 674300
1143 752900
1144 752900
1145 752900
1146 752900
1147 752900
1148 752900
1149 752900
1150 752900
1151 737100
1152 768600
1153 768600
1154 768600
1155 768600
1156 768600
1157 768600
1158 768600
1159 768600
1160 768600
1161 768600
1162 768600
1163 768600
1164 768600
1165 768600
1166 768600
1167 768600
1168 768600
1169 768600
1170 768600
1171 768600
1172 768600
1173 768600
1174 768600
1175 438080
1176 438080
1177 541800
1178 541800
1179 541800
1180 541800
1181 541800
1182 541800
1183 541800
1184 541800
1185 541800
1186 541800
1187 541800
1188 541800
1189 541800
1190 541800
1191 541800
1192 541800
1193 541800
1194 541800
1195 541800
1196 541800
1197 541800
1198 541800
1199 541800
1200 541800
1201 541800
1202 541800
1203 541800
1204 541800
1205 541800
1206 541800
1207 655200
1208 655200
1209 655200
1210 554400
1211 573300
1212 541800
1213 541800
1214 630150
1215 630150
1216 630150
1217 630150
1218 630150
1219 658590
1220 658590
1221 658590
1222 658590
1223 658590
1224 658590
1225 658590
1226 658590
1227 658590
1228 658590
1229 658590
1230 658590
1231 658590
1232 658590
1233 658590
1234 658590
1235 658590
1236 658590
1237 658590
1238 658590
1239 658590
1240 658590
1241 660120
1242 740340
1243 740340
1244 740340
1245 740340
1246 740340
1247 713650
1248 724640
1249 715220
1250 715220
1251 740340
1252 740340
1253 740340
1254 740340
1255 740340
1256 740340
1257 740340
1258 740340
1259 740340
1260 740340
1261 740340
1262 740340
1263 740340
1264 740340
1265 740340
1266 740340
1267 740340
1268 650650
1269 768600
1270 768600
1271 768600
1272 768600
1273 768600
1274 768600
1275 768600
1276 768600
1277 768600
1278 752900
1279 768600
1280 768600
1281 768600
1282 768600
1283 667800
1284 660090
1285 660090
1286 660090
1287 660090
1288 660090
1289 660090
1290 660090
1291 660090
1292 660090
1293 660090
1294 660090
1295 660090
1296 660090
1297 660090
1298 660090
1299 660090
1300 660090
1301 660090
1302 617400
1303 617400
1304 617400
1305 617400
1306 617400
1307 617400
1308 617400
1309 617400
1310 617400
1311 617400
1312 617400
1313 617400
1314 504000
1315 504000
1316 447640
1317 447640
1318 447640
1319 447640
1320 447640
1321 390680
1322 406480
1323 406480
1324 406480
1325 406480
1326 406480
1327 406480
1328 406480
1329 374980
1330 374980
1331 374980
1332 374980
1333 374980
1334 321430
1335 374980
1336 374980
1337 374980
1338 374980
1339 374980
1340 374980
1341 374980
1342 374980
1343 374980
1344 374980
1345 374980
1346 374980
1347 374980
1348 374980
1349 182840
1350 299390
1351 315090
1352 315090
1353 315090
1354 315090
1355 315090
1356 315090
1357 286650
1358 315090
1359 415890
1360 444150
1361 472590
1362 549870
1363 603420
1364 631680
1365 660120
1366 660120
1367 660120
1368 660120
1369 660120
1370 660120
1371 660120
1372 660120
1373 660120
1374 660120
1375 660120
1376 660120
1377 660120
1378 660120
1379 660120
1380 660120
1381 660120
1382 660120
1383 660120
1384 660120
1385 597120
1386 597120
1387 660120
1388 660120
1389 631860
1390 559320
1391 631860
1392 631860
1393 631680
1394 633430
1395 633430
1396 633430
1397 633430
1398 633430
1399 633430
1400 633430
1401 633430
1402 633430
1403 633430
1404 633430
1405 633430
1406 633430
1407 633430
1408 633430
1409 633430
1410 633430
1411 633430
1412 633430
1413 633430
1414 633430
1415 633430
1416 633430
1417 633430
1418 633430
1419 633430
1420 633430
1421 743610
1422 743610
1423 743610
1424 743610
1425 743610
1426 743610
1427 743610
1428 743610
1429 743610
1430 715350
1431 715350
1432 715350
1433 715350
1434 715350
1435 715350
1436 699650
1437 638230
1438 715350
1439 715350
1440 683850
1441 683850
1442 683850
1443 683850
1444 683850
1445 683850
1446 683850
1447 683850
1448 683850
1449 661940
1450 661940
1451 661940
1452 661940
1453 661940
1454 661940
1455 661940
1456 661940
1457 661940
1458 661940
1459 661940
1460 661940
1461 661940
1462 661940
1463 520100
1464 630440
1465 630440
1466 630440
1467 630440
1468 630440
1469 630440
1470 630440
1471 630440
1472 576890
1473 713820
1474 713820
1475 713820
1476 713820
1477 713820
1478 657120
1479 657120
1480 657120
1481 657120
1482 657120
1483 657120
1484 521820
1485 521820
1486 573630
1487 747870
1488 747870
1489 747870
1490 747870
1491 747870
1492 747870
1493 727850
1494 727850
1495 727850
1496 579850
1497 579850
1498 579850
1499 743550
1500 747870
1501 732170
1502 767070
1503 767070
1504 767070
1505 767070
1506 767070
1507 767070
1508 767070
1509 767070
1510 767070
1511 767070
1512 767070
1513 767070
1514 767070
1515 767070
1516 767070
1517 767070
1518 726010
1519 726010
1520 726010
1521 700720
1522 700720
1523 700720
1524 700720
1525 700720
1526 700720
1527 700720
1528 700720
1529 700720
1530 645600
1531 645600
1532 589080
1533 451960
1534 451960
1535 644200
1536 618910
1537 618910
1538 618910
1539 618910
1540 618910
1541 618910
1542 768600
1543 768600
1544 768600
1545 768600
1546 768600
1547 768600
1548 768600
1549 768600
1550 768600
1551 661950
1552 715500
1553 715500
1554 715500
1555 715500
1556 715500
1557 715500
1558 715500
1559 715500
1560 715500
1561 715500
1562 715500
1563 715500
1564 715500
1565 715500
1566 715500
1567 715500
1568 661950
1569 638380
1570 649700
1571 313280
1572 313280
1573 313280
1574 313280
1575 313280
1576 313280
1577 313280
1578 313280
1579 313280
1580 313280
1581 313280
1582 313280
1583 313280
1584 313280
1585 313280
1586 313280
1587 313280
1588 313280
1589 313280
1590 313280
1591 313280
1592 313280
1593 313280
1594 313280
1595 313280
1596 313280
1597 313280
1598 313280
1599 313280
1600 313280
1601 313280
1602 313280
1603 313280
1604 313280
1605 519030
1606 519030
1607 519030
1608 519030
1609 519030
1610 456030
1611 456030
1612 456030
1613 572580
1614 743460
1615 743460
1616 743460
1617 743460
1618 743460
1619 743460
1620 743460
1621 743460
1622 743460
1623 743460
1624 743460
1625 743460
1626 743460
1627 743460
1628 743460
1629 743460
1630 743460
1631 743460
1632 743460
1633 743460
1634 743460
1635 766980
1636 766980
1637 766980
1638 766980
1639 766980
1640 766980
1641 766980
1642 766980
1643 659880
1644 659880
1645 659880
1646 659880
1647 659880
1648 659880
1649 659880
1650 659880
1651 659880
1652 659880
1653 659880
1654 659880
1655 659880
1656 659880
1657 659880
1658 659880
1659 659880
1660 659880
1661 659880
1662 659880
1663 659880
1664 659880
1665 659880
1666 659880
1667 659880
1668 659880
1669 659880
1670 659880
1671 659880
1672 659880
1673 659880
1674 415800
1675 415800
1676 415800
1677 369480
1678 369480
1679 369480
1680 513120
1681 513120
1682 592920
1683 592920
1684 592920
1685 592920
1686 592920
1687 592920
1688 592920
1689 592920
1690 592920
1691 330540
1692 715500
1693 743940
1694 743940
1695 743940
1696 743940
1697 743940
1698 743940
1699 743940
1700 743940
1701 743940
1702 743940
1703 743940
1704 743940
1705 743940
1706 743940
1707 743940
1708 717250
1709 717250
1710 717250
1711 717250
1712 715500
1713 715500
1714 358980
1715 358980
1716 717250
1717 600480
1718 600480
1719 600480
1720 600480
1721 600480
1722 664240
1723 664240
1724 664240
1725 664240
1726 664240
1727 664240
1728 664240
1729 664240
1730 664240
1731 664240
1732 664240
1733 743940
1734 743940
1735 743940
1736 743940
1737 743940
1738 743940
1739 743940
1740 743940
1741 743940
1742 743940
1743 743940
1744 743940
1745 743940
1746 743940
1747 743940
1748 743940
1749 743940
1750 743940
1751 743940
1752 743940
1753 743940
1754 743940
1755 717250
1756 715500
1757 690390
1758 690390
1759 690390
1760 690390
1761 690390
1762 690390
1763 690390
1764 690390
1765 690390
1766 690390
1767 690390
1768 690390
1769 690390
1770 690390
1771 690390
1772 690390
1773 690390
1774 690390
1775 690390
1776 690390
1777 690390
1778 690390
1779 743940
1780 743940
1781 743940
1782 743940
1783 743940
1784 743940
1785 743940
1786 743940
1787 743940
1788 743940
1789 743940
1790 743940
1791 743940
1792 743940
1793 743940
1794 743940
1795 743940
1796 743940
1797 743940
1798 743940
1799 743940
1800 743940
1801 743940
1802 743940
1803 743940
1804 743940
1805 743940
1806 743940
1807 743940
1808 743940
1809 743940
1810 459970
1811 431530
1812 431530
1813 332290
1814 332290
1815 332290
1816 332290
1817 332290
1818 332290
1819 514690
1820 514690
1821 514690
1822 545190
1823 595590
1824 649140
1825 649140
1826 649140
1827 649140
1828 649140
1829 649140
1830 649140
1831 649140
1832 649140
1833 649140
1834 649140
1835 649140
1836 649140
1837 649140
1838 649140
1839 649140
1840 649140
1841 649140
1842 649140
1843 649140
1844 649140
1845 649140
1846 649140
1847 649140
1848 552930
1849 505730
1850 505730
1851 505730
1852 341930
1853 537230
1854 537230
1855 537230
1856 518330
1857 515180
1858 515180
1859 515180
1860 515180
1861 515180
1862 515180
1863 515180
1864 515180
1865 515180
1866 515180
1867 515180
1868 515180
1869 515180
1870 515180
1871 515180
1872 515180
1873 515180
1874 515180
1875 515180
1876 515180
1877 515180
1878 515180
1879 515180
1880 515180
1881 515180
1882 515180
1883 515180
1884 515180
1885 515180
1886 515180
1887 515180
1888 515180
1889 515180
1890 745080
1891 745080
1892 745080
1893 745080
1894 745080
1895 745080
1896 745080
1897 745080
1898 745080
1899 746680
1900 746680
1901 746680
1902 746680
1903 746680
1904 746680
1905 746680
1906 746680
1907 746680
1908 746680
1909 746680
1910 746680
1911 746680
1912 746680
1913 746680
1914 746680
1915 746680
1916 746680
1917 746680
1918 696280
1919 696280
1920 746680
1921 748280
1922 748280
1923 556130
1924 556130
1925 556130
1926 556130
1927 748280
1928 748280
1929 748280
1930 748280
1931 748280
1932 748280
1933 748280
1934 748280
1935 748280
1936 748280
1937 748280
1938 748280
1939 748280
1940 748280
1941 748280
1942 748280
1943 748280
1944 748280
1945 748280
1946 604300
1947 620600
1948 620600
1949 620600
1950 620600
1951 620600
1952 620600
1953 620600
1954 620600
1955 352300
1956 437640
1957 439010
1958 417400
1959 378940
1960 415300
1961 434200
1962 439010
1963 439010
1964 439010
1965 439010
1966 465700
1967 465700
1968 465700
1969 698880
1970 755800
1971 755800
1972 755800
1973 755800
1974 755800
1975 755800
1976 755800
1977 755800
1978 755800
1979 755800
1980 755800
1981 755800
1982 755800
1983 755800
1984 756800
1985 756800
1986 756800
1987 756800
1988 756800
1989 756800
1990 756800
1991 756800
1992 756800
1993 756800
1994 756800
1995 756800
1996 738200
1997 738200
1998 738200
1999 738200
2000 738200
2001 738200
2002 530300
2003 710740
2004 722400
2005 522800
2006 681180
2007 681180
2008 681180
2009 681180
2010 681180
2011 681180
2012 681180
2013 681180
2014 681180
2015 681180
2016 681180
2017 681180
2018 681180
2019 681180
2020 681180
2021 681180
2022 681180
2023 681180
2024 681180
2025 681180
2026 681180
2027 681180
2028 681180
2029 681180
2030 681180
2031 681180
2032 681180
2033 681180
2034 681180
2035 681180
2036 681180
2037 681180
2038 681180
2039 681180
2040 681180
2041 681180
2042 681180
2043 681180
2044 681180
2045 681180
2046 681180
2047 681180
2048 681180
2049 681180
2050 681180
2051 681180
2052 681180
2053 681180
2054 681180
2055 681180
2056 681180
2057 681180
2058 681180
2059 681180
2060 681180
2061 681180
2062 681180
2063 681180
2064 681180
2065 681180
2066 681180
2067 681180
2068 681180
2069 681180
2070 681180
2071 681180
2072 681180
2073 681180
2074 681180
2075 681180
2076 681180
2077 26860
2078 26860
2079 26860
2080 26860
2081 26860
2082 26860
2083 26860
2084 214200
2085 214200
2086 214200
2087 214200
2088 214200
2089 214200
2090 214200
2091 214200
2092 214200
2093 214200
2094 214200
2095 214200
2096 214200
2097 214200
2098 214200
2099 214200
2100 214200
2101 214200
2102 214200
2103 214200
2104 214200
2105 214200
2106 214200
2107 214200
2108 214200
2109 214200
2110 214200
2111 214200
2112 214200
2113 214200
2114 214200
2115 214200
2116 214200
2117 214200
2118 214200
2119 214200
2120 214200
2121 214200
2122 214200
2123 214200
2124 214200
2125 214200
2126 214200
2127 214200
2128 214200
2129 214200
2130 214200
2131 214200
2132 214200
2133 214200
2134 230000
2135 230000
2136 456800
2137 456800
2138 456800
2139 690900
2140 722400
2141 722400
2142 722400
2143 722400
2144 722400
2145 722400
2146 722400
2147 722400
2148 722400
2149 722400
2150 753900
2151 753900
2152 753900
2153 753900
2154 753900
2155 738100
2156 646800
2157 354650
2158 700350
2159 700350
2160 700350
2161 700350
2162 700350
2163 700350
2164 700350
2165 700350
2166 700350
2167 700350
2168 700350
2169 700350
2170 667140
2171 722400
2172 722400
2173 725640
2174 725640
2175 725640
2176 725640
2177 725640
2178 725640
2179 725640
2180 725640
2181 725640
2182 725640
2183 725640
2184 725640
2185 725640
2186 725640
2187 725640
2188 725640
2189 725640
2190 725640
2191 725640
2192 725640
2193 725640
2194 725640
2195 725640
2196 725640
2197 725640
2198 725640
2199 725640
2200 725640
2201 725640
2202 725640
2203 725640
2204 725640
2205 725640
2206 725640
2207 725640
2208 725640
2209 725640
2210 725640
2211 725640
2212 725640
2213 725640
2214 725640
2215 725640
2216 725640
2217 725640
2218 725640
2219 725640
2220 725640
2221 725640
2222 725640
2223 725640
2224 725640
2225 631000
2226 631000
2227 631000
2228 631000
2229 631000
2230 631000
2231 631000
2232 631000
2233 507240
2234 594000
2235 609800
2236 625500
2237 641300
2238 657000
2239 657000
2240 657000
2241 657000
2242 657000
2243 657000
2244 657000
2245 657000
2246 657000
2247 657000
2248 657000
2249 657000
2250 657000
2251 657000
2252 657000
2253 657000
2254 657000
2255 657000
2256 657000
2257 657000
2258 657000
2259 657000
2260 657000
2261 657000
2262 657000
2263 657000
2264 657000
2265 657000
2266 657000
2267 657000
2268 657000
2269 657000
2270 657000
2271 657000
2272 657000
2273 657000
2274 657000
2275 657000
2276 657000
2277 657000
2278 743940
2279 743940
2280 743940
2281 743940
2282 743940
2283 743940
2284 743940
2285 743940
2286 743940
2287 743940
2288 506220
2289 720420
2290 720420
2291 720420
2292 720420
2293 597620
2294 597620
2295 597620
2296 550320
2297 526560
2298 526380
2299 559770
2300 559770
2301 597620
2302 485640
2303 562920
2304 562920
2305 0
2306 0
2307 0
2308 0
2309 0
2310 0
2311 0
2312 0
2313 0
2314 0
2315 0
2316 0
2317 0
2318 0
2319 0
2320 0
2321 0
2322 0
2323 0
2324 0
2325 0
2326 0
2327 0
2328 0
2329 0
2330 0
2331 0
2332 0
2333 0
2334 0
2335 0
2336 0
2337 0
2338 0
2339 0
2340 0
2341 0
2342 0
2343 0
2344 0
2345 0
2346 0
2347 0
2348 0
2349 0
2350 0
2351 0
2352 0
2353 0
2354 0
2355 0
2356 0
2357 0
2358 0
2359 0
2360 0
2361 0
2362 0
2363 0
2364 0
2365 0
2366 0
2367 0
2368 0
2369 0
2370 0
2371 0
2372 0
2373 0
2374 0
2375 0
2376 0
2377 0
2378 0
2379 0
2380 0
2381 0
2382 0
2383 0
2384 0
2385 0
2386 0
2387 0
2388 0
2389 0
2390 0
2391 0
2392 0
2393 0
2394 0
2395 0
2396 0
2397 0
2398 0
2399 0
2400 0
2401 0
2402 0
2403 0
2404 0
2405 0
2406 0
2407 0
2408 0
2409 0
2410 0
2411 0
2412 0
2413 0
2414 0
2415 0
2416 0
2417 0
2418 0
2419 0
2420 0
2421 0
2422 0
2423 0
2424 0
2425 0
2426 0
2427 0
2428 0
2429 0
2430 0
2431 0
2432 0
2433 0
2434 0
2435 0
2436 0
2437 0
2438 0
2439 0
2440 0
2441 0
2442 0
2443 0
2444 0
2445 0
2446 0
2447 0
2448 0
2449 0
2450 0
2451 0
2452 0
2453 0
2454 0
2455 0
2456 0
2457 0
2458 0
2459 0
2460 0
2461 0
2462 0
2463 768600
2464 768600
2465 768600
2466 768600
2467 768600
2468 768600
2469 768600
2470 768600
2471 768600
2472 0
2473 0
2474 0
2475 0
2476 0
2477 0
2478 0
2479 0
2480 0
2481 0
2482 0
2483 0
2484 0
2485 0
2486 0
2487 0
2488 0
2489 0
2490 0
2491 0
2492 0
2493 0
2494 0
2495 0
2496 0
2497 0
2498 0
2499 0
2500 0
2501 0
2502 0
2503 0
2504 0
2505 0
2506 0
2507 0
2508 0
2509 0
2510 0
2511 0
2512 0
2513 0
2514 0
2515 0
2516 0
2517 0
2518 0
2519 0
2520 0
2521 0
2522 0
2523 0
2524 0
2525 0
2526 0
2527 0
2528 0
2529 0
2530 0
2531 0
2532 0
2533 0
2534 0
2535 0
2536 0
2537 0
2538 0
2539 0
2540 0
2541 0
2542 0
2543 768600
2544 768600
2545 768600
2546 768600
2547 768600
2548 768600
2549 768600
2550 768600
2551 768600
2552 768600
2553 768600
2554 768600
2555 768600
2556 768600
2557 768600
2558 768600
2559 768600
2560 768600
2561 768600
2562 768600
2563 768600
2564 768600
2565 768600
2566 768600
2567 768600
2568 768600
2569 768600
2570 768600
2571 768600
2572 768600
2573 768600
2574 768600
2575 768600
2576 768600
2577 768600
2578 768600
2579 768600
2580 768600
2581 768600
2582 768600
2583 768600
2584 768600
2585 768600
2586 768600
2587 768600
2588 768600
2589 768600
2590 768600
2591 768600
2592 768600
2593 768600
2594 768600
2595 768600
2596 768600
2597 768600
2598 768600
2599 768600
2600 768600
2601 768600
2602 768600
2603 768600
2604 768600
2605 768600
2606 768600
2607 768600
2608 768600
2609 768600
2610 768600
2611 768600
2612 768600
2613 768600
2614 768600
2615 768600
2616 768600
2617 768600
2618 768600
2619 768600
2620 768600
2621 0
