0 15800
1 15800
2 31500
3 31500
4 31500
5 31500
6 47300
7 63000
8 78800
9 110300
10 110300
11 126000
12 126000
13 170100
14 223650
15 223650
16 267750
17 355950
18 382810
19 382810
20 409500
21 393800
22 378000
23 362300
24 330800
25 330800
26 330800
27 330800
28 330800
29 330800
30 330800
31 330800
32 330800
33 330800
34 330800
35 330800
36 330800
37 330800
38 330800
39 330800
40 330800
41 330800
42 330800
43 330800
44 330800
45 330800
46 330800
47 330800
48 330800
49 330800
50 330800
51 330800
52 330800
53 330800
54 330800
55 330800
56 330800
57 330800
58 330800
59 330800
60 330800
61 330800
62 330800
63 330800
64 330800
65 330800
66 330800
67 330800
68 330800
69 330800
70 330800
71 330800
72 304110
73 711900
74 711900
75 711900
76 711900
77 711900
78 711900
79 711900
80 696200
81 711900
82 727700
83 743400
84 743400
85 743400
86 743400
87 743400
88 743400
89 743400
90 655200
91 655200
92 247240
93 269360
94 291340
95 291340
96 291340
97 291340
98 291340
99 291340
100 291340
101 291340
102 291340
103 291340
104 291340
105 291340
106 291340
107 291340
108 247240
109 314860
110 314860
111 270760
112 270760
113 270760
114 270760
115 270760
116 270760
117 270760
118 270760
119 270760
120 270760
121 270760
122 270760
123 270760
124 270760
125 270760
126 270760
127 270760
128 270760
129 270760
130 270760
131 270760
132 270760
133 270760
134 270760
135 270760
136 270760
137 270760
138 255060
139 255060
140 255060
141 255060
142 239360
143 314860
144 314860
145 314860
146 428260
147 443960
148 459760
149 573160
150 551180
151 529060
152 529060
153 722820
154 722820
155 707020
156 707020
157 707020
158 707020
159 707020
160 691220
161 691220
162 664530
163 505710
164 505710
165 537310
166 537310
167 537310
168 537310
169 537310
170 537310
171 537310
172 537310
173 537310
174 537310
175 537310
176 537310
177 537310
178 537310
179 537310
180 537310
181 537310
182 537310
183 493210
184 537310
185 537310
186 537310
187 537310
188 537310
189 537310
190 537310
191 537310
192 537310
193 537310
194 537310
195 423910
196 423910
197 423910
198 423910
199 423910
200 423910
201 423910
202 423910
203 370360
204 370360
205 370360
206 370360
207 370360
208 370360
209 370360
210 370360
211 370360
212 354660
213 338860
214 225460
215 247580
216 269560
217 356500
218 413200
219 413200
220 413200
221 413200
222 413200
223 413200
224 413200
225 413200
226 413200
227 413200
228 413200
229 381600
230 381600
231 408290
232 456590
233 440790
234 306830
235 306830
236 306830
237 306830
238 306830
239 369830
240 369830
241 369830
242 369830
243 369830
244 369830
245 369830
246 369830
247 369830
248 369830
249 369830
250 369830
251 369830
252 369830
253 369830
254 369830
255 369830
256 369830
257 369830
258 369830
259 369830
260 369830
261 369830
262 369830
263 369830
264 369830
265 369830
266 347850
267 325730
268 299040
269 220340
270 133400
271 133400
272 133400
273 133400
274 133400
275 133400
276 133400
277 133400
278 133400
279 133400
280 133400
281 133400
282 133400
283 133400
284 133400
285 133400
286 133400
287 133400
288 133400
289 277040
290 303900
291 330590
292 374690
293 579440
294 579440
295 579440
296 579440
297 579440
298 579440
299 579440
300 579440
301 579440
302 579440
303 579440
304 579440
305 601560
306 623540
307 566840
308 583340
309 583340
310 583340
311 583340
312 583340
313 583340
314 583340
315 646340
316 703040
317 670440
318 701940
319 701940
320 701940
321 701940
322 701940
323 701940
324 701940
325 701940
326 701940
327 701940
328 701940
329 701940
330 701940
331 701940
332 701940
333 701940
334 701940
335 701940
336 701940
337 701940
338 701940
339 701940
340 701940
341 675250
342 648390
343 604290
344 399540
345 399540
346 453090
347 468890
348 495750
349 577690
350 599810
351 599810
352 599810
353 599810
354 693250
355 693250
356 693250
357 693250
358 693250
359 693250
360 693250
361 693250
362 693250
363 693250
364 693250
365 671270
366 649150
367 725480
368 725480
369 725480
370 725480
371 725480
372 574010
373 590210
374 546110
375 546110
376 546110
377 546110
378 546110
379 546110
380 546110
381 499910
382 446360
383 446360
384 446360
385 446360
386 446360
387 446360
388 446360
389 446360
390 446360
391 446360
392 446360
393 446360
394 446360
395 446360
396 446360
397 446360
398 446360
399 446360
400 424240
401 424240
402 424240
403 424240
404 424240
405 424240
406 397550
407 419670
408 435470
409 435470
410 435470
411 435470
412 435470
413 378770
414 550310
415 479710
416 463910
417 381970
418 381970
419 381970
420 238330
421 351730
422 373850
423 395970
424 417950
425 446390
426 446390
427 446390
428 446390
429 446390
430 399110
431 617860
432 617860
433 617860
434 617860
435 617860
436 617860
437 617860
438 617860
439 617860
440 617860
441 617860
442 617860
443 617860
444 617860
445 617860
446 617860
447 617860
448 617860
449 617860
450 617860
451 617860
452 617860
453 409900
454 296500
455 274520
456 274520
457 274520
458 274520
459 274520
460 274520
461 274520
462 274520
463 274520
464 274520
465 274520
466 274520
467 274520
468 274520
469 274520
470 274520
471 274520
472 274520
473 274520
474 274520
475 274520
476 274520
477 274520
478 274520
479 252400
480 252400
481 252400
482 252400
483 252400
484 252400
485 252400
486 113720
487 113720
488 478720
489 500840
490 522960
491 544940
492 544940
493 544940
494 601640
495 585840
496 219300
497 219300
498 332700
499 332700
500 332700
501 332700
502 332700
503 332700
504 332700
505 332700
506 332700
507 332700
508 332700
509 332700
510 332700
511 332700
512 332700
513 332700
514 332700
515 332700
516 332700
517 332700
518 332700
519 301300
520 376860
521 376860
522 376860
523 376860
524 376860
525 376860
526 376860
527 376860
528 354740
529 332760
530 276060
531 276060
532 212800
533 212800
534 212800
535 212800
536 212800
537 212800
538 212800
539 212800
540 212800
541 212800
542 212800
543 212800
544 212800
545 212800
546 212800
547 269500
548 269500
549 307680
550 307680
551 307680
552 307680
553 307680
554 307680
555 307680
556 285700
557 285700
558 285700
559 285700
560 285700
561 285700
562 285700
563 257340
564 279460
565 279460
566 279460
567 279460
568 279460
569 279460
570 279460
571 251020
572 251020
573 314020
574 421120
575 528220
576 528220
577 528220
578 528220
579 528220
580 528220
581 528220
582 528220
583 528220
584 528220
585 528220
586 528220
587 528220
588 528220
589 528220
590 528220
591 528220
592 528220
593 528220
594 528220
595 528220
596 528220
597 474240
598 452120
599 405020
600 297920
601 297920
602 297920
603 297920
604 297920
605 297920
606 480480
607 480480
608 480480
609 496280
610 518260
611 533960
612 533960
613 533960
614 533960
615 533960
616 533960
617 533960
618 533960
619 533960
620 533960
621 533960
622 533960
623 533960
624 533960
625 533960
626 533960
627 533960
628 533960
629 533960
630 533960
631 533960
632 533960
633 533960
634 533960
635 533960
636 533960
637 533960
638 533960
639 533960
640 641060
641 641060
642 641060
643 625360
644 625360
645 625360
646 625360
647 625360
648 625360
649 625360
650 511960
651 625360
652 641160
653 656860
654 726300
655 726300
656 726300
657 726300
658 704320
659 726300
660 704320
661 726300
662 726300
663 726300
664 726300
665 726300
666 726300
667 726300
668 726300
669 726300
670 726300
671 726300
672 726300
673 726300
674 710500
675 710500
676 710500
677 597100
678 581300
679 386000
680 386000
681 386000
682 386000
683 386000
684 386000
685 386000
686 386000
687 386000
688 386000
689 386000
690 386000
691 386000
692 386000
693 386000
694 386000
695 386000
696 386000
697 386000
698 386000
699 329300
700 396920
701 412720
702 500120
703 500120
704 500120
705 500120
706 500120
707 500120
708 500120
709 500120
710 500120
711 500120
712 500120
713 500120
714 500120
715 500120
716 500120
717 500120
718 613520
719 613520
720 591540
721 570820
722 570820
723 570820
724 463720
725 463720
726 463720
727 463720
728 463720
729 463720
730 407020
731 407020
732 407020
733 407020
734 407020
735 407020
736 407020
737 407020
738 407020
739 407020
740 407020
741 407020
742 407020
743 407020
744 407020
745 407020
746 391220
747 303680
748 303680
749 303680
750 303680
751 303680
752 303680
753 303680
754 303680
755 303680
756 303680
757 303680
758 303680
759 303680
760 303680
761 303680
762 303680
763 303680
764 303680
765 303680
766 383480
767 496880
768 496880
769 496880
770 496880
771 496880
772 496880
773 496880
774 496880
775 496880
776 496880
777 496880
778 496880
779 383480
780 383480
781 316000
782 208900
783 95500
784 95500
785 95500
786 183700
787 199500
788 221620
789 243600
790 265720
791 265720
792 265720
793 265720
794 265720
795 265720
796 265720
797 265720
798 265720
799 265720
800 265720
801 265720
802 265720
803 265720
804 265720
805 265720
806 265720
807 265720
808 265720
809 265720
810 250020
811 250020
812 250020
813 250020
814 250020
815 250020
816 250020
817 250020
818 250020
819 250020
820 250020
821 250020
822 161820
823 139840
824 117720
825 37920
826 22120
827 0
828 0
829 0
830 0
831 0
832 0
833 0
834 441000
835 456800
836 456800
837 456800
838 456800
839 456800
840 456800
841 456800
842 456800
843 456800
844 456800
845 456800
846 495120
847 517240
848 517240
849 517240
850 517240
851 517240
852 517240
853 517240
854 517240
855 517240
856 517240
857 605440
858 605440
859 605440
860 583320
861 495120
862 495120
863 495120
864 495120
865 495120
866 495120
867 495120
868 495120
869 495120
870 495120
871 495120
872 495120
873 495120
874 495120
875 495120
876 495120
877 495120
878 495120
879 495120
880 495120
881 495120
882 495120
883 495120
884 495120
885 495120
886 495120
887 495120
888 495120
889 495120
890 495120
891 495120
892 495120
893 495120
894 495120
895 495120
896 495120
897 495120
898 495120
899 495120
900 495120
901 495120
902 495120
903 495120
904 495120
905 495120
906 558120
907 595540
908 595540
909 595540
910 595540
911 595540
912 595540
913 595540
914 595540
915 595540
916 595540
917 595540
918 595540
919 595540
920 595540
921 595540
922 595540
923 595540
924 154540
925 208090
926 230210
927 252190
928 359290
929 472690
930 494810
931 548360
932 477540
933 456820
934 456820
935 456820
936 456820
937 456820
938 456820
939 456820
940 456820
941 456820
942 456820
943 456820
944 456820
945 456820
946 456820
947 456820
948 652240
949 674360
950 674360
951 674360
952 674360
953 674360
954 674360
955 674360
956 674360
957 674360
958 674360
959 674360
960 674360
961 674360
962 674360
963 674360
964 674360
965 652380
966 652380
967 630260
968 523160
969 501040
970 305480
971 305480
972 305480
973 305480
974 305480
975 305480
976 305480
977 305480
978 305480
979 305480
980 305480
981 305480
982 305480
983 381360
984 381360
985 381360
986 381360
987 381360
988 381360
989 348860
990 348860
991 348860
992 348860
993 348860
994 348860
995 348860
996 348860
997 455960
998 455960
999 433700
1000 515720
1001 515720
1002 515720
1003 515720
1004 515720
1005 537700
1006 553400
1007 666800
1008 688920
1009 710900
1010 710900
1011 710900
1012 710900
1013 710900
1014 710900
1015 710900
1016 710900
1017 710900
1018 710900
1019 710900
1020 710900
1021 710900
1022 710900
1023 710900
1024 710900
1025 710900
1026 657350
1027 710900
1028 710900
1029 710900
1030 710900
1031 710900
1032 710900
1033 710900
1034 710900
1035 710900
1036 710900
1037 710900
1038 710900
1039 592580
1040 485480
1041 441240
1042 419120
1043 403320
1044 289920
1045 289920
1046 289920
1047 289920
1048 289920
1049 289920
1050 289920
1051 289920
1052 289920
1053 289920
1054 289920
1055 359340
1056 403580
1057 403580
1058 403580
1059 403580
1060 403580
1061 403580
1062 403580
1063 403580
1064 403580
1065 356180
1066 356180
1067 356180
1068 356180
1069 354360
1070 332380
1071 332380
1072 348080
1073 363880
1074 395380
1075 411080
1076 524480
1077 631580
1078 631580
1079 631580
1080 631580
1081 631580
1082 518180
1083 518180
1084 412860
1085 608460
1086 636720
1087 636720
1088 636720
1089 636720
1090 636720
1091 636720
1092 636720
1093 636720
1094 636720
1095 636720
1096 636720
1097 636720
1098 636720
1099 636720
1100 636720
1101 636720
1102 636720
1103 636720
1104 636720
1105 636720
1106 636720
1107 636720
1108 636720
1109 636720
1110 636720
1111 636720
1112 636720
1113 636720
1114 636720
1115 636720
1116 636720
1117 636720
1118 621020
1119 507620
1120 507620
1121 454070
1122 400520
1123 427380
1124 427380
1125 427380
1126 427380
1127 427380
1128 427380
1129 427380
1130 399120
1131 430620
1132 446420
1133 446420
1134 446420
1135 446420
1136 446420
1137 446420
1138 446420
1139 446420
1140 503120
1141 559820
1142 668320
1143 690300
1144 706000
1145 637960
1146 530860
1147 272720
1148 360920
1149 387780
1150 414470
1151 414470
1152 414470
1153 414470
1154 414470
1155 414470
1156 382970
1157 382790
1158 382790
1159 426890
1160 453750
1161 475870
1162 475870
1163 475870
1164 444570
1165 356370
1166 356370
1167 356370
1168 356370
1169 356370
1170 356370
1171 356370
1172 356370
1173 356370
1174 356370
1175 356370
1176 356370
1177 356370
1178 356370
1179 356370
1180 356370
1181 356370
1182 356370
1183 356370
1184 356370
1185 443210
1186 474710
1187 474710
1188 474710
1189 474710
1190 474710
1191 474710
1192 474710
1193 474710
1194 474710
1195 474710
1196 474710
1197 474710
1198 474710
1199 474710
1200 448020
1201 448020
1202 448020
1203 448020
1204 448020
1205 448020
1206 421160
1207 421160
1208 421160
1209 421160
1210 421160
1211 421160
1212 421160
1213 421160
1214 421160
1215 421160
1216 421160
1217 421160
1218 399040
1219 399040
1220 399040
1221 399040
1222 399040
1223 399040
1224 399040
1225 383340
1226 471540
1227 471540
1228 471540
1229 471540
1230 471540
1231 471540
1232 455640
1233 482330
1234 509020
1235 452320
1236 452320
1237 452320
1238 452220
1239 452220
1240 483720
1241 499420
1242 515220
1243 716940
1244 716940
1245 716940
1246 716940
1247 716940
1248 716940
1249 716940
1250 716940
1251 716940
1252 716940
1253 716940
1254 716940
1255 716940
1256 716940
1257 716940
1258 716940
1259 716940
1260 716940
1261 716940
1262 630100
1263 743400
1264 743400
1265 743400
1266 743400
1267 655200
1268 601820
1269 570420
1270 554620
1271 554620
1272 554620
1273 554620
1274 367130
1275 335630
1276 308770
1277 308770
1278 308770
1279 308770
1280 308770
1281 308770
1282 308770
1283 308770
1284 308770
1285 308770
1286 362320
1287 362320
1288 362320
1289 362320
1290 362320
1291 362320
1292 362320
1293 362320
1294 362320
1295 340340
1296 340340
1297 340340
1298 340340
1299 340340
1300 324540
1301 324540
1302 324540
1303 297680
1304 319800
1305 319800
1306 319800
1307 319800
1308 319800
1309 319800
1310 458400
1311 373260
1312 373260
1313 373260
1314 373260
1315 373260
1316 373260
1317 373260
1318 373260
1319 373260
1320 373260
1321 373260
1322 373260
1323 373260
1324 373260
1325 373260
1326 373260
1327 373260
1328 373260
1329 316560
1330 429960
1331 512070
1332 579950
1333 579950
1334 579950
1335 579950
1336 579950
1337 579950
1338 579950
1339 579950
1340 579950
1341 579950
1342 579950
1343 579950
1344 548450
1345 526330
1346 321650
1347 321650
1348 277550
1349 277550
1350 277550
1351 277550
1352 277550
1353 277550
1354 277550
1355 277550
1356 277550
1357 277550
1358 277550
1359 277550
1360 277550
1361 277550
1362 277550
1363 277550
1364 277550
1365 277550
1366 277550
1367 277550
1368 277550
1369 277550
1370 277550
1371 277550
1372 277550
1373 277550
1374 599010
1375 654030
1376 573790
1377 573790
1378 573790
1379 573790
1380 547100
1381 517240
1382 517240
1383 517240
1384 517240
1385 517240
1386 517240
1387 517240
1388 517240
1389 517240
1390 517240
1391 517240
1392 517240
1393 517240
1394 517240
1395 517240
1396 517240
1397 517240
1398 517240
1399 517240
1400 517240
1401 517240
1402 517240
1403 517240
1404 517240
1405 405260
1406 498170
1407 551720
1408 471140
1409 578510
1410 578510
1411 578510
1412 578510
1413 578510
1414 380370
1415 353680
1416 324680
1417 113400
1418 0
1419 0
1420 0
1421 0
1422 0
1423 0
1424 0
1425 0
1426 0
1427 26860
1428 26860
1429 26860
1430 26860
1431 26860
1432 26860
1433 26860
1434 26860
1435 26860
1436 26860
1437 26860
1438 26860
1439 26860
1440 26860
1441 26860
1442 26860
1443 26860
1444 26860
1445 26860
1446 26860
1447 26860
1448 26860
1449 26860
1450 26860
1451 26860
1452 26860
1453 26860
1454 26860
1455 26860
1456 26860
1457 26860
1458 26860
1459 26860
1460 0
1461 0
1462 0
1463 0
1464 0
1465 0
1466 0
1467 0
1468 0
1469 0
1470 0
1471 126000
1472 148120
1473 170100
1474 192220
1475 192220
1476 192220
1477 192220
1478 192220
1479 192220
1480 335860
1481 362720
1482 362720
1483 362720
1484 362720
1485 362720
1486 362720
1487 362720
1488 362720
1489 362720
1490 362720
1491 362720
1492 362720
1493 362720
1494 362720
1495 236720
1496 236720
1497 236720
1498 264980
1499 243000
1500 220880
1501 194020
1502 165760
1503 143640
1504 0
1505 0
1506 0
1507 0
1508 0
1509 0
1510 0
1511 0
1512 0
1513 0
1514 0
1515 0
1516 0
1517 0
1518 0
1519 0
1520 0
1521 0
1522 0
1523 0
1524 0
1525 0
1526 135660
1527 135660
1528 135660
1529 135660
1530 135660
1531 135660
1532 135660
1533 135660
1534 135660
1535 135660
1536 135660
1537 135660
1538 162350
1539 471210
1540 524860
1541 524860
1542 524860
1543 524860
1544 524860
1545 524860
1546 524860
1547 524860
1548 524860
1549 524860
1550 524860
1551 524860
1552 553120
1553 553120
1554 553120
1555 553120
1556 553120
1557 553120
1558 553120
1559 553120
1560 553120
1561 553120
1562 553120
1563 553120
1564 553120
1565 553120
1566 553120
1567 553120
1568 553120
1569 553120
1570 526430
1571 526430
1572 498170
1573 137460
1574 137460
1575 137460
1576 137460
1577 137460
1578 137460
1579 137460
1580 137460
1581 135660
1582 135660
1583 135660
1584 162350
1585 162350
1586 162350
1587 162350
1588 162350
1589 162350
1590 162350
1591 162350
1592 162350
1593 162350
1594 162350
1595 162350
1596 162350
1597 162350
1598 162350
1599 162350
1600 162350
1601 162350
1602 162350
1603 162350
1604 162350
1605 162350
1606 162350
1607 305990
1608 305990
1609 305990
1610 305990
1611 305990
1612 305990
1613 305990
1614 305990
1615 279300
1616 279300
1617 279300
1618 279300
1619 279300
1620 279300
1621 279300
1622 279300
1623 279300
1624 279300
1625 279300
1626 279300
1627 279300
1628 279300
1629 279300
1630 279300
1631 279300
1632 279300
1633 279300
1634 405300
1635 449400
1636 471520
1637 559720
1638 616420
1639 670070
1640 670070
1641 670070
1642 670070
1643 670070
1644 670070
1645 670070
1646 670070
1647 670070
1648 670070
1649 647950
1650 559750
1651 424090
1652 424090
1653 424090
1654 424090
1655 424090
1656 424090
1657 424090
1658 424090
1659 424090
1660 424090
1661 424090
1662 424090
1663 424090
1664 424090
1665 424090
1666 424090
1667 424090
1668 424090
1669 424090
1670 424090
1671 424090
1672 424090
1673 424090
1674 424090
1675 424090
1676 424090
1677 424090
1678 424090
1679 424090
1680 424090
1681 424090
1682 424090
1683 424090
1684 424090
1685 424090
1686 424090
1687 298090
1688 298090
1689 298090
1690 253990
1691 197110
1692 53650
1693 0
1694 0
1695 205190
1696 205190
1697 205190
1698 205190
1699 205190
1700 205190
1701 205190
1702 272670
1703 294650
1704 294650
1705 294650
1706 294650
1707 294650
1708 294650
1709 294650
1710 294650
1711 294650
1712 294650
1713 294650
1714 294650
1715 294650
1716 294650
1717 294650
1718 294650
1719 294650
1720 294650
1721 294650
1722 294650
1723 294650
1724 294650
1725 294650
1726 89460
1727 89460
1728 89460
1729 89460
1730 89460
1731 89460
1732 89460
1733 89460
1734 202860
1735 289800
1736 289800
1737 289800
1738 289800
1739 289800
1740 289800
1741 289800
1742 289800
1743 289800
1744 289800
1745 267820
1746 267820
1747 299320
1748 321440
1749 352940
1750 375060
1751 401920
1752 557990
1753 584850
1754 584850
1755 584850
1756 584850
1757 584850
1758 584850
1759 584850
1760 584850
1761 584850
1762 666890
1763 553490
1764 553490
1765 553490
1766 553490
1767 553490
1768 553490
1769 553490
1770 553490
1771 553490
1772 553490
1773 553490
1774 553490
1775 553490
1776 553490
1777 553490
1778 444570
1779 466690
1780 488670
1781 488670
1782 488670
1783 488670
1784 488670
1785 488670
1786 488670
1787 488670
1788 488670
1789 488670
1790 488670
1791 488670
1792 488670
1793 488670
1794 488670
1795 488670
1796 444570
1797 422450
1798 249390
1799 222530
1800 200550
1801 178430
1802 178430
1803 178430
1804 178430
1805 178430
1806 178430
1807 178430
1808 385890
1809 385890
1810 385890
1811 299130
1812 299130
1813 299130
1814 299130
1815 299130
1816 459650
1817 488090
1818 488090
1819 488090
1820 488090
1821 488090
1822 488090
1823 488090
1824 583230
1825 583230
1826 583230
1827 583230
1828 583230
1829 583230
1830 638170
1831 638170
1832 638170
1833 638170
1834 638170
1835 293080
1836 261580
1837 230080
1838 230080
1839 228460
1840 228460
1841 228460
1842 228460
1843 228460
1844 228460
1845 228460
1846 228460
1847 228460
1848 228460
1849 228460
1850 228460
1851 228460
1852 228460
1853 228460
1854 228460
1855 228460
1856 228460
1857 228460
1858 450520
1859 498820
1860 520940
1861 520940
1862 520940
1863 520940
1864 520940
1865 520940
1866 520940
1867 492680
1868 492680
1869 492680
1870 492680
1871 292450
1872 260410
1873 260410
1874 260410
1875 122170
1876 122170
1877 122170
1878 122170
1879 122170
1880 465130
1881 465130
1882 465130
1883 465130
1884 465130
1885 465130
1886 465130
1887 465130
1888 465130
1889 465130
1890 465130
1891 465130
1892 465130
1893 465130
1894 465130
1895 465130
1896 465130
1897 465130
1898 465130
1899 465130
1900 465130
1901 465130
1902 438440
1903 438440
1904 438440
1905 438440
1906 438440
1907 438440
1908 438440
1909 438440
1910 95480
1911 70280
1912 21980
1913 0
1914 0
1915 0
1916 56700
1917 113400
1918 113400
1919 113400
1920 113400
1921 113400
1922 113400
1923 113400
1924 113400
1925 113400
1926 113400
1927 113400
1928 113400
1929 113400
1930 113400
1931 113400
1932 113400
1933 113400
1934 113400
1935 113400
1936 113400
1937 113400
1938 113400
1939 113400
1940 113400
1941 113400
1942 113400
1943 293960
1944 293960
1945 293960
1946 293960
1947 293960
1948 113400
1949 56700
1950 0
1951 28440
1952 56700
1953 85190
1954 56930
1955 28490
1956 28490
1957 28490
1958 173910
1959 241530
1960 269790
1961 269790
1962 269790
1963 269790
1964 269790
1965 269790
1966 269790
1967 269790
1968 269790
1969 269790
1970 269790
1971 269790
1972 269790
1973 269790
1974 269790
1975 269790
1976 269790
1977 269790
1978 269790
1979 269790
1980 269790
1981 269790
1982 269790
1983 269790
1984 269790
1985 269790
1986 269790
1987 269790
1988 269790
1989 269790
1990 124370
1991 124370
1992 124370
1993 124370
1994 124370
1995 124370
1996 124370
1997 96110
1998 96110
1999 28490
2000 0
2001 0
2002 0
2003 0
2004 0
2005 107100
2006 244900
2007 293200
2008 293200
2009 293200
2010 349900
2011 349900
2012 406600
2013 406600
2014 406600
2015 406600
2016 406600
2017 406600
2018 406600
2019 406600
2020 406600
2021 406600
2022 406600
2023 406600
2024 406600
2025 406600
2026 406600
2027 406600
2028 406600
2029 406600
2030 406600
2031 406600
2032 406600
2033 406600
2034 406600
2035 299500
2036 251200
2037 194500
2038 56700
2039 0
2040 0
2041 0
2042 0
2043 0
2044 0
2045 0
2046 0
2047 0
2048 0
2049 0
2050 0
2051 0
2052 0
2053 0
2054 0
2055 0
2056 0
2057 0
2058 0
2059 0
2060 0
2061 0
2062 0
2063 0
2064 0
2065 0
2066 0
2067 0
2068 0
2069 0
2070 0
2071 0
2072 0
2073 0
2074 31500
2075 31500
2076 31500
2077 31500
2078 31500
2079 31500
2080 31500
2081 31500
2082 31500
2083 31500
2084 31500
2085 31500
2086 31500
2087 31500
2088 31500
2089 31500
2090 31500
2091 31500
2092 31500
2093 31500
2094 31500
2095 31500
2096 31500
2097 31500
2098 31500
2099 31500
2100 31500
2101 31500
2102 31500
2103 31500
2104 31500
2105 0
2106 0
2107 0
2108 0
2109 0
2110 0
2111 0
2112 0
2113 0
2114 0
2115 0
2116 0
2117 0
2118 0
2119 0
2120 0
2121 0
2122 0
2123 0
2124 0
2125 0
2126 0
2127 0
2128 0
2129 0
2130 0
2131 0
2132 0
2133 0
2134 0
2135 0
2136 0
2137 0
2138 0
2139 0
2140 0
2141 0
2142 0
2143 0
2144 0
2145 0
2146 0
2147 0
2148 0
2149 0
2150 0
2151 0
2152 0
2153 0
2154 0
2155 0
2156 0
2157 0
2158 0
2159 0
2160 0
2161 0
2162 0
2163 0
2164 0
2165 0
2166 0
2167 0
2168 0
2169 0
2170 0
2171 0
2172 0
2173 0
2174 0
2175 0
2176 0
2177 0
2178 0
2179 0
2180 0
2181 0
2182 0
2183 0
2184 0
2185 0
2186 0
2187 0
2188 0
2189 0
2190 0
2191 0
2192 0
2193 0
2194 0
2195 743400
2196 743400
2197 743400
2198 743400
2199 743400
2200 743400
2201 743400
2202 743400
2203 743400
2204 743400
2205 743400
2206 0
2207 0
2208 0
2209 0
2210 0
2211 0
2212 0
2213 0
2214 0
2215 0
2216 0
2217 0
2218 0
2219 0
2220 0
2221 0
2222 0
2223 0
2224 0
2225 0
2226 0
2227 0
2228 0
2229 0
2230 0
2231 0
2232 0
2233 0
2234 0
2235 0
2236 0
2237 0
2238 0
2239 0
2240 0
2241 0
2242 0
2243 0
2244 0
2245 0
2246 0
2247 0
2248 0
2249 0
2250 0
2251 0
2252 0
2253 0
2254 0
2255 0
2256 0
2257 0
2258 0
2259 0
2260 0
2261 0
2262 0
2263 0
2264 0
2265 0
2266 0
2267 0
2268 0
2269 0
2270 0
2271 0
2272 0
2273 743400
2274 743400
2275 743400
2276 743400
2277 743400
2278 743400
2279 743400
2280 743400
2281 743400
2282 743400
2283 743400
2284 743400
2285 743400
2286 743400
2287 743400
2288 743400
2289 743400
2290 743400
2291 743400
2292 743400
2293 743400
2294 743400
2295 743400
2296 743400
2297 743400
2298 743400
2299 743400
2300 743400
2301 743400
2302 743400
2303 743400
2304 743400
2305 743400
2306 743400
2307 743400
2308 743400
2309 743400
2310 743400
2311 743400
2312 743400
2313 743400
2314 743400
2315 743400
2316 743400
2317 743400
2318 743400
2319 743400
2320 743400
2321 743400
2322 743400
2323 743400
2324 743400
2325 743400
2326 743400
2327 743400
2328 743400
2329 743400
2330 743400
2331 743400
2332 743400
2333 743400
2334 743400
2335 743400
2336 743400
2337 743400
2338 743400
2339 743400
2340 743400
2341 743400
2342 743400
2343 743400
2344 743400
2345 743400
2346 743400
2347 743400
2348 743400
2349 743400
2350 743400
2351 0
