0 26860
1 26860
2 26860
3 26860
4 53550
5 80410
6 80410
7 107100
8 133960
9 190660
10 190660
11 190660
12 217350
13 217350
14 274050
15 330750
16 330750
17 330750
18 330750
19 381150
20 481950
21 497750
22 513450
23 486760
24 459900
25 433210
26 376510
27 376510
28 376510
29 376510
30 376510
31 376510
32 376510
33 376510
34 376510
35 376510
36 376510
37 376510
38 376510
39 376510
40 376510
41 376510
42 376510
43 376510
44 376510
45 376510
46 376510
47 376510
48 376510
49 376510
50 376510
51 376510
52 376510
53 376510
54 376510
55 376510
56 376510
57 349820
58 249020
59 233320
60 176620
61 176620
62 484100
63 499800
64 499800
65 499800
66 499800
67 499800
68 499800
69 499800
70 499800
71 499800
72 499800
73 528240
74 556500
75 556500
76 556500
77 556500
78 556500
79 556500
80 556500
81 556500
82 556500
83 556500
84 556500
85 556500
86 581780
87 606900
88 606900
89 606900
90 606900
91 606900
92 606900
93 606900
94 299250
95 324530
96 349650
97 333950
98 305690
99 255290
100 230170
101 204890
102 204890
103 204890
104 204890
105 204890
106 204890
107 204890
108 204890
109 204890
110 204890
111 204890
112 204890
113 204890
114 204890
115 204890
116 204890
117 288470
118 288470
119 288470
120 288470
121 288470
122 288470
123 288470
124 288470
125 288470
126 288470
127 288470
128 288470
129 288470
130 288470
131 288470
132 263350
133 238070
134 211210
135 184520
136 184520
137 184520
138 184520
139 184520
140 184520
141 184520
142 184520
143 287700
144 287700
145 394800
146 457800
147 584880
148 584880
149 584880
150 584880
151 635280
152 635280
153 635280
154 635280
155 635280
156 635280
157 635280
158 635280
159 635280
160 635280
161 635280
162 635280
163 688830
164 688830
165 688830
166 688830
167 688830
168 558870
169 451770
170 388770
171 338370
172 322670
173 322670
174 338370
175 338370
176 338370
177 338370
178 338370
179 338370
180 338370
181 338370
182 338370
183 338370
184 338370
185 338370
186 338370
187 338370
188 338370
189 338370
190 338370
191 338370
192 281670
193 306790
194 306790
195 306790
196 306790
197 306790
198 306790
199 306790
200 306790
201 306790
202 306790
203 363490
204 347790
205 322670
206 294230
207 294230
208 294230
209 294230
210 237530
211 307610
212 394550
213 419670
214 526770
215 526770
216 526770
217 526770
218 526770
219 526770
220 613570
221 638850
222 638850
223 638850
224 638850
225 638850
226 638850
227 638850
228 638850
229 638850
230 638850
231 638850
232 638850
233 638850
234 638850
235 638850
236 693130
237 480830
238 455710
239 348610
240 323330
241 212350
242 155650
243 103490
244 73250
245 73250
246 73250
247 73250
248 73250
249 73250
250 73250
251 89050
252 89050
253 89050
254 89050
255 89050
256 89050
257 89050
258 89050
259 89050
260 89050
261 89050
262 225650
263 225650
264 225650
265 225650
266 225650
267 225650
268 225650
269 225650
270 225650
271 225650
272 225650
273 225650
274 225650
275 225650
276 250930
277 235130
278 98530
279 73250
280 53550
281 53550
282 160650
283 160650
284 160650
285 185930
286 234430
287 262870
288 262870
289 262870
290 319570
291 374210
292 374210
293 374210
294 374210
295 374210
296 374210
297 402650
298 430910
299 430910
300 430910
301 430910
302 430910
303 430910
304 430910
305 430910
306 430910
307 430910
308 430910
309 430910
310 430910
311 430910
312 430910
313 323810
314 298530
315 270270
316 187010
317 158750
318 110250
319 56700
320 28260
321 0
322 0
323 0
324 0
325 0
326 0
327 0
328 0
329 0
330 0
331 0
332 64740
333 89860
334 89860
335 152860
336 202940
337 228160
338 228160
339 228160
340 228160
341 228160
342 228160
343 228160
344 228160
345 228160
346 228160
347 228160
348 228160
349 256600
350 284860
351 284860
352 284860
353 284860
354 213660
355 150660
356 108900
357 66460
358 16640
359 14940
360 0
361 0
362 0
363 0
364 0
365 195470
366 272050
367 272050
368 272050
369 272050
370 272050
371 272050
372 272050
373 272050
374 272050
375 272050
376 272050
377 272050
378 272050
379 272050
380 272050
381 272050
382 272050
383 272050
384 272050
385 297330
386 297330
387 297330
388 297330
389 297330
390 297330
391 297330
392 297330
393 322610
394 345670
395 84380
396 8000
397 6240
398 160
399 0
400 28440
401 28440
402 28440
403 28440
404 28440
405 28440
406 28440
407 28440
408 28440
409 28440
410 28440
411 28440
412 28440
413 28440
414 28440
415 28440
416 28440
417 28440
418 28440
419 28440
420 161840
421 161840
422 161840
423 161840
424 161840
425 161840
426 161840
427 161840
428 161840
429 161840
430 28440
431 0
432 0
433 0
434 0
435 0
436 0
437 0
438 0
439 366430
440 366430
441 366430
442 366430
443 366430
444 366430
445 366430
446 366430
447 366430
448 366430
449 391550
450 414450
451 442710
452 442710
453 442710
454 442710
455 442710
456 442710
457 442710
458 442710
459 442710
460 442710
461 442710
462 442710
463 442710
464 34500
465 28420
466 28260
467 28260
468 28260
469 28260
470 28260
471 28260
472 28260
473 28260
474 28260
475 28260
476 28260
477 28260
478 28260
479 28260
480 28260
481 28260
482 28260
483 28260
484 91260
485 122760
486 218360
487 218360
488 218360
489 218360
490 218360
491 270080
492 270080
493 270080
494 270080
495 320420
496 320420
497 320420
498 320420
499 288920
500 80000
501 78300
502 50040
503 14940
504 14940
505 14940
506 14940
507 14940
508 14940
509 14940
510 14940
511 14940
512 14940
513 14940
514 14940
515 14940
516 14940
517 14940
518 14940
519 77940
520 106380
521 213480
522 304200
523 331060
524 357750
525 357750
526 357750
527 357750
528 357750
529 357750
530 357750
531 357750
532 357750
533 357750
534 357750
535 357750
536 357750
537 294750
538 266310
539 175590
540 148900
541 122040
542 14940
543 0
544 0
545 0
546 0
547 0
548 0
549 0
550 0
551 0
552 0
553 0
554 0
555 0
556 0
557 0
558 197950
559 197950
560 197950
561 226390
562 226390
563 226390
564 226390
565 226390
566 226390
567 226390
568 226390
569 226390
570 226390
571 226390
572 226390
573 226390
574 311440
575 311440
576 311440
577 283000
578 53550
579 53550
580 0
581 0
582 0
583 0
584 0
585 0
586 0
587 0
588 0
589 0
590 0
591 0
592 0
593 0
594 0
595 0
596 0
597 90720
598 106520
599 122220
600 122220
601 122220
602 210420
603 210420
604 210420
605 210420
606 210420
607 210420
608 210420
609 210420
610 210420
611 210420
612 210420
613 88200
614 72500
615 15800
616 15800
617 0
618 0
619 0
620 0
621 0
622 0
623 0
624 0
625 0
626 0
627 0
628 0
629 0
630 0
631 0
632 0
633 0
634 0
635 0
636 0
637 0
638 0
639 0
640 0
641 0
642 0
643 15800
644 31500
645 31500
646 31500
647 31500
648 31500
649 15800
650 0
651 0
652 0
653 0
654 0
655 86940
656 112220
657 179200
658 179200
659 179200
660 179200
661 179200
662 280000
663 371800
664 371800
665 371800
666 371800
667 371800
668 371800
669 371800
670 371800
671 371800
672 371800
673 371800
674 371800
675 371800
676 371800
677 371800
678 478900
679 478900
680 478900
681 478900
682 478900
683 453620
684 286480
685 221040
686 113940
687 27000
688 27000
689 123620
690 123620
691 139320
692 139320
693 139320
694 139320
695 139320
696 139320
697 139320
698 139320
699 139320
700 164600
701 164600
702 164600
703 164600
704 164600
705 164600
706 164600
707 164600
708 164600
709 164600
710 164600
711 164600
712 164600
713 164600
714 164600
715 164600
716 164600
717 164600
718 61820
719 42620
720 15800
721 0
722 0
723 0
724 0
725 25280
726 50560
727 50560
728 50560
729 50560
730 50560
731 50560
732 50560
733 50560
734 50560
735 50560
736 50560
737 50560
738 50560
739 406910
740 433770
741 433770
742 433770
743 474690
744 474690
745 474690
746 474690
747 474690
748 501380
749 501380
750 501380
751 501380
752 501380
753 501380
754 471940
755 445250
756 72780
757 72780
758 72780
759 72780
760 72780
761 72780
762 72780
763 72780
764 72780
765 72780
766 72780
767 72780
768 72780
769 72780
770 179950
771 179950
772 179950
773 179950
774 179950
775 179950
776 179950
777 179950
778 179950
779 179950
780 179950
781 179950
782 179950
783 179950
784 179950
785 179950
786 179950
787 72780
788 50860
789 26860
790 0
791 0
792 0
793 0
794 0
795 0
796 0
797 0
798 0
799 0
800 0
801 63000
802 117760
803 117760
804 117760
805 117760
806 117760
807 117760
808 117760
809 117760
810 117760
811 117760
812 117760
813 117760
814 117760
815 117760
816 117760
817 117760
818 117760
819 117760
820 117760
821 117760
822 117760
823 117760
824 117760
825 167880
826 183580
827 86400
828 70500
829 45600
830 61400
831 61400
832 61400
833 61400
834 61400
835 168410
836 168410
837 281810
838 310250
839 360650
840 497790
841 524810
842 524810
843 524810
844 524810
845 524810
846 524810
847 524810
848 524810
849 524810
850 524810
851 524810
852 524810
853 524810
854 524810
855 524810
856 524810
857 524810
858 524810
859 524810
860 524810
861 524810
862 509110
863 349000
864 348820
865 202140
866 202140
867 202140
868 202140
869 202140
870 202140
871 202140
872 202140
873 202140
874 202140
875 202140
876 202140
877 202140
878 202140
879 202140
880 297980
881 297980
882 297980
883 297980
884 297980
885 297980
886 297980
887 297980
888 297980
889 297980
890 297980
891 297980
892 234650
893 333100
894 333100
895 333100
896 229170
897 191260
898 145500
899 145500
900 252510
901 277790
902 293590
903 356590
904 372390
905 389750
906 389750
907 389750
908 389750
909 389750
910 389750
911 389750
912 389750
913 389750
914 389750
915 389750
916 389750
917 389750
918 389750
919 389750
920 389750
921 389750
922 389750
923 389750
924 389750
925 389750
926 389750
927 389750
928 389750
929 389750
930 389750
931 282740
932 257460
933 241660
934 178660
935 178660
936 178660
937 229060
938 229060
939 324640
940 324640
941 324640
942 324640
943 324640
944 324640
945 324640
946 324640
947 324640
948 324640
949 324640
950 324640
951 324640
952 324640
953 324640
954 365720
955 365720
956 365720
957 381420
958 409680
959 463560
960 463560
961 463560
962 414860
963 432220
964 495220
965 495220
966 602060
967 602060
968 602060
969 602060
970 586260
971 586260
972 586260
973 586260
974 586260
975 586260
976 586260
977 586260
978 586260
979 586260
980 586260
981 586260
982 586260
983 586260
984 586260
985 586260
986 586260
987 473040
988 636980
989 665240
990 665240
991 665240
992 665240
993 665240
994 665240
995 665240
996 405400
997 389600
998 364700
999 284120
1000 299920
1001 340460
1002 367150
1003 367150
1004 367150
1005 367150
1006 367150
1007 367150
1008 367150
1009 367150
1010 367150
1011 367150
1012 367150
1013 367150
1014 367150
1015 367150
1016 367150
1017 367150
1018 321450
1019 372050
1020 372050
1021 372050
1022 372050
1023 372050
1024 372050
1025 372050
1026 372050
1027 372050
1028 372050
1029 372050
1030 372050
1031 372050
1032 425600
1033 375360
1034 479220
1035 506840
1036 506840
1037 506840
1038 478580
1039 506840
1040 506840
1041 506840
1042 569840
1043 569840
1044 569840
1045 569840
1046 569840
1047 569840
1048 569840
1049 569840
1050 569840
1051 466620
1052 430940
1053 446640
1054 471920
1055 471920
1056 345860
1057 432800
1058 464300
1059 491160
1060 506960
1061 538460
1062 538460
1063 538460
1064 538460
1065 538460
1066 538460
1067 538460
1068 538460
1069 538460
1070 472770
1071 444510
1072 357510
1073 341810
1074 341650
1075 325950
1076 300150
1077 299970
1078 294370
1079 240820
1080 167380
1081 135880
1082 120080
1083 93390
1084 79890
1085 53200
1086 7600
1087 0
1088 0
1089 0
1090 0
1091 0
1092 0
1093 0
1094 0
1095 0
1096 0
1097 0
1098 0
1099 0
1100 0
1101 0
1102 0
1103 0
1104 0
1105 0
1106 0
1107 0
1108 0
1109 0
1110 104160
1111 104160
1112 154560
1113 181420
1114 208110
1115 208110
1116 233390
1117 249190
1118 249190
1119 249190
1120 249190
1121 249190
1122 249190
1123 70950
1124 44260
1125 44100
1126 28300
1127 28300
1128 28300
1129 28300
1130 28300
1131 28300
1132 28300
1133 172000
1134 172000
1135 172000
1136 172000
1137 172000
1138 172000
1139 283980
1140 283980
1141 283980
1142 283980
1143 283980
1144 283980
1145 283980
1146 283980
1147 283980
1148 283980
1149 283980
1150 283980
1151 283980
1152 283980
1153 283980
1154 283980
1155 283980
1156 283980
1157 48870
1158 28300
1159 26860
1160 0
1161 0
1162 0
1163 0
1164 52140
1165 52140
1166 67940
1167 67940
1168 67940
1169 67940
1170 67940
1171 67940
1172 67940
1173 67940
1174 67940
1175 67940
1176 67940
1177 67940
1178 67940
1179 67940
1180 246160
1181 246160
1182 246160
1183 246160
1184 246160
1185 246160
1186 246160
1187 246160
1188 246160
1189 246160
1190 246160
1191 246160
1192 246160
1193 230360
1194 26860
1195 0
1196 63000
1197 118540
1198 118540
1199 118540
1200 118540
1201 118540
1202 118540
1203 205480
1204 205480
1205 205480
1206 205480
1207 205480
1208 205480
1209 205480
1210 205480
1211 205480
1212 205480
1213 205480
1214 205480
1215 205480
1216 205480
1217 205480
1218 205480
1219 205480
1220 205480
1221 205480
1222 205480
1223 205480
1224 205480
1225 205480
1226 205480
1227 205480
1228 125860
1229 39100
1230 0
1231 0
1232 0
1233 0
1234 0
1235 0
1236 0
1237 0
1238 374060
1239 374060
1240 374060
1241 374060
1242 374060
1243 374060
1244 374060
1245 374060
1246 374060
1247 374060
1248 374060
1249 374060
1250 374060
1251 374060
1252 374060
1253 426040
1254 426040
1255 426040
1256 426040
1257 426040
1258 426040
1259 426040
1260 426040
1261 332940
1262 0
1263 0
1264 0
1265 0
1266 0
1267 0
1268 0
1269 0
1270 0
1271 0
1272 0
1273 0
1274 113480
1275 144980
1276 144980
1277 144980
1278 144980
1279 144980
1280 144980
1281 144980
1282 144980
1283 225680
1284 225680
1285 225680
1286 225680
1287 225680
1288 225680
1289 225680
1290 225680
1291 225680
1292 225680
1293 225680
1294 225680
1295 112370
1296 80770
1297 0
1298 0
1299 0
1300 0
1301 0
1302 0
1303 0
1304 0
1305 0
1306 0
1307 0
1308 0
1309 0
1310 0
1311 0
1312 0
1313 26860
1314 26860
1315 26860
1316 26860
1317 26860
1318 26860
1319 26860
1320 26860
1321 26860
1322 26860
1323 26860
1324 26860
1325 26860
1326 26860
1327 26860
1328 26860
1329 52140
1330 25280
1331 0
1332 0
1333 0
1334 176680
1335 192480
1336 219340
1337 362980
1338 391240
1339 391240
1340 391240
1341 391240
1342 391240
1343 391240
1344 494950
1345 494950
1346 494950
1347 494950
1348 494950
1349 494950
1350 494950
1351 494950
1352 494950
1353 494950
1354 494950
1355 494950
1356 494950
1357 494950
1358 494950
1359 494950
1360 494950
1361 494950
1362 494950
1363 494950
1364 494950
1365 286770
1366 313630
1367 297830
1368 270970
1369 242710
1370 242710
1371 242710
1372 242710
1373 242710
1374 242710
1375 242710
1376 242710
1377 242710
1378 242710
1379 242710
1380 242710
1381 242710
1382 242710
1383 242710
1384 242710
1385 242710
1386 242710
1387 242710
1388 242710
1389 242710
1390 242710
1391 552750
1392 579440
1393 632990
1394 632990
1395 632990
1396 632990
1397 632990
1398 632990
1399 632990
1400 632990
1401 632990
1402 606130
1403 554280
1404 230340
1405 230340
1406 201950
1407 58310
1408 0
1409 0
1410 0
1411 0
1412 0
1413 0
1414 0
1415 0
1416 0
1417 0
1418 26860
1419 26860
1420 26860
1421 26860
1422 26860
1423 26860
1424 26860
1425 26860
1426 26860
1427 26860
1428 26860
1429 26860
1430 26860
1431 26860
1432 26860
1433 26860
1434 26860
1435 26860
1436 26860
1437 26860
1438 26860
1439 26860
1440 26860
1441 0
1442 0
1443 26860
1444 26860
1445 26860
1446 26860
1447 26860
1448 26860
1449 26860
1450 26860
1451 26860
1452 26860
1453 26860
1454 26860
1455 26860
1456 26860
1457 26860
1458 26860
1459 26860
1460 26860
1461 26860
1462 26860
1463 26860
1464 26860
1465 170500
1466 170500
1467 170500
1468 170500
1469 170500
1470 170500
1471 170500
1472 170500
1473 143640
1474 0
1475 0
1476 0
1477 0
1478 0
1479 185110
1480 185110
1481 185110
1482 185110
1483 237080
1484 237080
1485 237080
1486 237080
1487 237080
1488 237080
1489 265520
1490 366320
1491 397820
1492 429320
1493 429320
1494 429320
1495 429320
1496 429320
1497 429320
1498 429320
1499 429320
1500 429320
1501 429320
1502 429320
1503 429320
1504 429320
1505 429320
1506 429320
1507 429320
1508 400880
1509 274800
1510 85690
1511 59000
1512 31500
1513 0
1514 0
1515 0
1516 0
1517 0
1518 0
1519 0
1520 0
1521 0
1522 0
1523 0
1524 0
1525 0
1526 0
1527 0
1528 0
1529 0
1530 0
1531 0
1532 0
1533 0
1534 0
1535 0
1536 0
1537 0
1538 0
1539 0
1540 0
1541 0
1542 0
1543 143280
1544 143280
1545 143280
1546 0
1547 0
1548 0
1549 0
1550 0
1551 0
1552 0
1553 0
1554 77280
1555 105520
1556 105520
1557 105520
1558 105520
1559 105520
1560 105520
1561 105520
1562 105520
1563 105520
1564 105520
1565 105520
1566 105520
1567 105520
1568 105520
1569 105520
1570 105520
1571 105520
1572 105520
1573 105520
1574 105520
1575 212620
1576 264820
1577 318370
1578 343650
1579 343650
1580 343650
1581 277970
1582 170870
1583 159030
1584 105750
1585 53550
1586 53550
1587 85050
1588 85050
1589 85050
1590 85050
1591 85050
1592 85050
1593 85050
1594 85050
1595 113490
1596 141750
1597 141750
1598 141750
1599 141750
1600 141750
1601 141750
1602 141750
1603 141750
1604 141750
1605 141750
1606 141750
1607 141750
1608 283930
1609 312370
1610 399130
1611 399130
1612 399130
1613 399130
1614 399130
1615 399130
1616 399130
1617 370870
1618 224690
1619 196430
1620 142880
1621 115380
1622 28440
1623 0
1624 0
1625 0
1626 0
1627 0
1628 0
1629 0
1630 0
1631 25280
1632 50560
1633 50560
1634 50560
1635 50560
1636 50560
1637 50560
1638 50560
1639 50560
1640 50560
1641 50560
1642 50560
1643 50560
1644 50560
1645 50560
1646 50560
1647 50560
1648 50560
1649 50560
1650 50560
1651 50560
1652 50560
1653 50560
1654 50560
1655 25120
1656 0
1657 215830
1658 215830
1659 215830
1660 215830
1661 215830
1662 215830
1663 215830
1664 215830
1665 215830
1666 215830
1667 215830
1668 215830
1669 215830
1670 215830
1671 215830
1672 215830
1673 375450
1674 375450
1675 375450
1676 375450
1677 400570
1678 463570
1679 495070
1680 495070
1681 495070
1682 495070
1683 495070
1684 495070
1685 495070
1686 495070
1687 495070
1688 495070
1689 255240
1690 281230
1691 117250
1692 117090
1693 57490
1694 57490
1695 57490
1696 57490
1697 57490
1698 57490
1699 57490
1700 57490
1701 57490
1702 57490
1703 57490
1704 57490
1705 57490
1706 57490
1707 57490
1708 57490
1709 57490
1710 57490
1711 57490
1712 280290
1713 357570
1714 357570
1715 357570
1716 357570
1717 357570
1718 357570
1719 357570
1720 357570
1721 357570
1722 357570
1723 357570
1724 357570
1725 357570
1726 134770
1727 103270
1728 25990
1729 0
1730 0
1731 0
1732 0
1733 0
1734 0
1735 0
1736 0
1737 0
1738 0
1739 0
1740 0
1741 0
1742 0
1743 0
1744 0
1745 0
1746 0
1747 0
1748 0
1749 0
1750 0
1751 0
1752 0
1753 303500
1754 303500
1755 303500
1756 303500
1757 303500
1758 303500
1759 303500
1760 0
1761 0
1762 0
1763 0
1764 53550
1765 110250
1766 110250
1767 110250
1768 110250
1769 110250
1770 110250
1771 110250
1772 110250
1773 110250
1774 110250
1775 110250
1776 110250
1777 110250
1778 110250
1779 326640
1780 326640
1781 326640
1782 326640
1783 326640
1784 326640
1785 326640
1786 326640
1787 326640
1788 326640
1789 326640
1790 326640
1791 353500
1792 369300
1793 385000
1794 143450
1795 141750
1796 141750
1797 141750
1798 141750
1799 141750
1800 141750
1801 141750
1802 141750
1803 141750
1804 141750
1805 141750
1806 141750
1807 141750
1808 141750
1809 141750
1810 141750
1811 141750
1812 141750
1813 141750
1814 141750
1815 141750
1816 141750
1817 141750
1818 141750
1819 141750
1820 141750
1821 141750
1822 141750
1823 141750
1824 141750
1825 141750
1826 126050
1827 72500
1828 15800
1829 15800
1830 0
1831 0
1832 126000
1833 203280
1834 230140
1835 230140
1836 230140
1837 230140
1838 343540
1839 454260
1840 536200
1841 536200
1842 536200
1843 536200
1844 536200
1845 536200
1846 536200
1847 536200
1848 567700
1849 567700
1850 567700
1851 567700
1852 567700
1853 567700
1854 624400
1855 624400
1856 624400
1857 624400
1858 624400
1859 624400
1860 624400
1861 624400
1862 677950
1863 677950
1864 677950
1865 677950
1866 677950
1867 677950
1868 677950
1869 677950
1870 677950
1871 677950
1872 677950
1873 677950
1874 677950
1875 677950
1876 677950
1877 677950
1878 677950
1879 677950
1880 677950
1881 677950
1882 651260
1883 651260
1884 651260
1885 651260
1886 651260
1887 651260
1888 651260
1889 651260
1890 651260
1891 525260
1892 411860
1893 334580
1894 252470
1895 195770
1896 142220
1897 31500
1898 0
1899 0
1900 0
1901 0
1902 0
1903 0
1904 0
1905 0
1906 0
1907 0
1908 0
1909 0
1910 0
1911 0
1912 0
1913 0
1914 0
1915 0
1916 0
1917 0
1918 0
1919 0
1920 0
1921 0
1922 0
1923 0
1924 0
1925 0
1926 0
1927 0
1928 0
1929 0
1930 0
1931 0
1932 0
1933 0
1934 0
1935 0
1936 0
1937 0
1938 0
1939 0
1940 0
1941 0
1942 0
1943 0
1944 0
1945 0
1946 0
1947 0
1948 0
1949 0
1950 0
1951 0
1952 0
1953 0
1954 0
1955 0
1956 0
1957 0
1958 0
1959 0
1960 0
1961 0
1962 0
1963 0
1964 0
1965 0
1966 0
1967 0
1968 0
1969 0
1970 0
1971 0
1972 0
1973 0
1974 0
1975 0
1976 0
1977 0
1978 0
1979 0
1980 0
1981 0
1982 0
1983 0
1984 0
1985 0
1986 0
1987 0
1988 0
1989 0
1990 0
1991 0
1992 0
1993 0
1994 0
1995 0
1996 0
1997 0
1998 0
1999 0
2000 0
2001 0
2002 0
2003 0
2004 0
2005 0
2006 0
2007 0
2008 0
2009 0
2010 0
2011 0
2012 0
2013 0
2014 0
2015 0
2016 0
2017 0
2018 0
2019 0
2020 0
2021 0
2022 0
2023 0
2024 714000
2025 714000
2026 714000
2027 714000
2028 714000
2029 714000
2030 714000
2031 714000
2032 714000
2033 714000
2034 714000
2035 714000
2036 714000
2037 714000
2038 714000
2039 714000
2040 714000
2041 714000
2042 714000
2043 714000
2044 714000
2045 714000
2046 714000
2047 714000
2048 714000
2049 714000
2050 714000
2051 714000
2052 714000
2053 0
2054 0
2055 0
2056 0
2057 0
2058 0
2059 0
2060 0
2061 0
2062 0
2063 0
2064 0
2065 0
2066 0
2067 0
2068 0
2069 0
2070 0
2071 0
2072 0
2073 0
2074 0
2075 0
2076 0
2077 0
2078 0
2079 0
2080 0
2081 0
2082 0
2083 0
2084 0
2085 0
2086 0
2087 0
2088 0
2089 0
2090 0
2091 0
2092 0
2093 0
2094 0
2095 0
2096 0
2097 0
2098 0
2099 0
2100 0
2101 714000
2102 714000
2103 714000
2104 714000
2105 714000
2106 714000
2107 714000
2108 714000
2109 714000
2110 714000
2111 714000
2112 714000
2113 714000
2114 714000
2115 714000
2116 714000
2117 714000
2118 714000
2119 714000
2120 714000
2121 714000
2122 714000
2123 714000
2124 714000
2125 714000
2126 714000
2127 714000
2128 714000
2129 714000
2130 714000
2131 714000
2132 714000
2133 714000
2134 714000
2135 714000
2136 714000
2137 714000
2138 714000
2139 714000
2140 714000
2141 714000
2142 714000
2143 714000
2144 714000
2145 714000
2146 714000
2147 714000
2148 714000
2149 714000
2150 714000
2151 714000
2152 714000
2153 714000
2154 714000
2155 714000
2156 714000
2157 714000
2158 714000
2159 714000
2160 714000
2161 714000
2162 714000
2163 714000
2164 714000
2165 714000
2166 714000
2167 714000
2168 714000
2169 714000
2170 714000
2171 714000
2172 714000
2173 714000
2174 714000
2175 714000
2176 714000
2177 714000
2178 714000
2179 0
