0 15800
1 31500
2 31500
3 31500
4 31500
5 47300
6 72580
7 97700
8 129200
9 129200
10 129200
11 129200
12 154480
13 185980
14 217480
15 248980
16 248980
17 248980
18 248980
19 356080
20 371780
21 400220
22 428480
23 428480
24 428480
25 428480
26 456920
27 485180
28 513620
29 540480
30 540480
31 540480
32 540480
33 540480
34 540480
35 540480
36 540480
37 540480
38 540480
39 540480
40 540480
41 540480
42 524780
43 524780
44 524780
45 524780
46 524780
47 524780
48 508980
49 493280
50 461780
51 461780
52 461780
53 461780
54 461780
55 461780
56 461780
57 461780
58 436500
59 436500
60 436500
61 436500
62 436500
63 436500
64 436500
65 408240
66 379800
67 466560
68 466560
69 438120
70 438120
71 438120
72 438120
73 438120
74 411260
75 411260
76 411260
77 383000
78 483800
79 483800
80 483800
81 483800
82 483800
83 376700
84 403560
85 403560
86 403560
87 510660
88 537350
89 537350
90 537350
91 537350
92 537350
93 537350
94 537350
95 537350
96 537350
97 537350
98 537350
99 537350
100 537350
101 537350
102 537350
103 537350
104 537350
105 537350
106 537350
107 537350
108 537350
109 537350
110 537350
111 537350
112 537350
113 537350
114 537350
115 505850
116 505850
117 505850
118 505850
119 505850
120 505850
121 474350
122 474350
123 474350
124 474350
125 474350
126 474350
127 474350
128 474350
129 474350
130 474350
131 474350
132 387590
133 387590
134 360900
135 334040
136 334040
137 334040
138 334040
139 334040
140 334040
141 334040
142 334040
143 334040
144 233240
145 334040
146 365540
147 397040
148 412740
149 428540
150 476740
151 530290
152 505170
153 398070
154 398070
155 372790
156 372790
157 454900
158 483160
159 483160
160 483160
161 483160
162 483160
163 483160
164 483160
165 483160
166 483160
167 483160
168 421160
169 421160
170 421160
171 421160
172 421160
173 421160
174 421160
175 421160
176 421160
177 421160
178 421160
179 392720
180 392720
181 392720
182 392720
183 392720
184 392720
185 392720
186 392720
187 291920
188 291920
189 410960
190 437650
191 406150
192 406050
193 390350
194 362090
195 362090
196 362090
197 362090
198 362090
199 362090
200 362090
201 362090
202 362090
203 362090
204 362090
205 362090
206 362090
207 362090
208 362090
209 362090
210 362090
211 362090
212 362090
213 362090
214 362090
215 362090
216 362090
217 362090
218 330590
219 330590
220 431390
221 431390
222 431390
223 431390
224 431390
225 431390
226 431390
227 404700
228 371200
229 317650
230 235540
231 134740
232 134740
233 134740
234 134740
235 134740
236 134740
237 134740
238 134740
239 134740
240 134740
241 134740
242 134740
243 134740
244 134740
245 134740
246 134740
247 134740
248 134740
249 134740
250 134740
251 134740
252 134740
253 134740
254 134740
255 134740
256 134740
257 134740
258 134740
259 134740
260 134740
261 134740
262 134740
263 134740
264 134740
265 134740
266 197740
267 213540
268 229240
269 282790
270 309650
271 363200
272 363200
273 363200
274 363200
275 363200
276 363200
277 363200
278 363200
279 363200
280 363200
281 363200
282 363200
283 388480
284 438880
285 438880
286 438880
287 438880
288 438880
289 438880
290 438880
291 438880
292 438880
293 438880
294 438880
295 438880
296 438880
297 438880
298 438880
299 438880
300 438880
301 438880
302 438880
303 375880
304 404140
305 404140
306 404140
307 404140
308 404140
309 404140
310 404140
311 404140
312 300800
313 300800
314 351200
315 367000
316 367000
317 367000
318 367000
319 340140
320 340140
321 340140
322 340140
323 340140
324 340140
325 340140
326 340140
327 340140
328 340140
329 340140
330 324440
331 308640
332 308640
333 356840
334 385280
335 360000
336 309600
337 423000
338 423000
339 423000
340 423000
341 391600
342 391600
343 391600
344 391600
345 391600
346 439900
347 455600
348 471400
349 487100
350 487100
351 487100
352 487100
353 487100
354 471400
355 471400
356 471400
357 471400
358 471400
359 471400
360 471400
361 471400
362 471400
363 471400
364 471400
365 417850
366 524950
367 550230
368 575350
369 600630
370 616330
371 632130
372 647830
373 597430
374 568990
375 568990
376 455590
377 423190
378 316090
379 316090
380 316090
381 344530
382 344530
383 344530
384 344530
385 344530
386 344530
387 344530
388 344530
389 344530
390 344530
391 344530
392 344530
393 344530
394 344530
395 344530
396 344530
397 344530
398 344530
399 344530
400 344530
401 344530
402 344530
403 344530
404 344530
405 344530
406 344530
407 344530
408 344530
409 344530
410 344530
411 344530
412 401230
413 376110
414 350830
415 325550
416 309850
417 281410
418 234210
419 201710
420 201710
421 201710
422 201710
423 201710
424 201710
425 201710
426 201710
427 201710
428 302510
429 302510
430 302510
431 302510
432 302510
433 302510
434 302510
435 302510
436 302510
437 302510
438 302510
439 302510
440 302510
441 302510
442 302510
443 302510
444 302510
445 302510
446 302510
447 302510
448 274250
449 274250
450 274250
451 274250
452 274250
453 217550
454 164000
455 148200
456 148200
457 148200
458 148200
459 148200
460 148200
461 148200
462 148200
463 148200
464 148200
465 148200
466 148200
467 148200
468 148200
469 148200
470 148200
471 148200
472 148200
473 148200
474 148200
475 148200
476 148200
477 148200
478 148200
479 148200
480 148200
481 148200
482 148200
483 148200
484 148200
485 148200
486 148200
487 148200
488 148200
489 179700
490 236400
491 236400
492 236400
493 236400
494 236400
495 236400
496 236400
497 236400
498 236400
499 236400
500 236400
501 236400
502 236400
503 236400
504 236400
505 236400
506 220600
507 283600
508 346600
509 375040
510 482140
511 482140
512 482140
513 482140
514 482140
515 482140
516 482140
517 482140
518 482140
519 482140
520 482140
521 466340
522 466340
523 409640
524 393840
525 330840
526 253040
527 253040
528 253040
529 253040
530 253040
531 253040
532 253040
533 253040
534 253040
535 253040
536 253040
537 253040
538 253040
539 253040
540 253040
541 253040
542 253040
543 253040
544 253040
545 253040
546 253040
547 253040
548 253040
549 253040
550 253040
551 253040
552 224600
553 224600
554 224600
555 224600
556 224600
557 224600
558 224600
559 224600
560 253040
561 281300
562 297100
563 297100
564 196300
565 196300
566 196300
567 196300
568 196300
569 196300
570 196300
571 196300
572 196300
573 196300
574 196300
575 309700
576 309700
577 309700
578 309700
579 309700
580 309700
581 309700
582 410500
583 410500
584 410500
585 410500
586 473500
587 498780
588 514480
589 577480
590 604340
591 631030
592 631030
593 631030
594 631030
595 631030
596 631030
597 631030
598 631030
599 631030
600 602770
601 574330
602 558530
603 445130
604 382130
605 335130
606 303430
607 303430
608 303430
609 303430
610 303430
611 303430
612 303430
613 303430
614 303430
615 303430
616 303430
617 303430
618 303430
619 303430
620 303430
621 303430
622 303430
623 303430
624 303430
625 303430
626 303430
627 303430
628 303430
629 303430
630 303430
631 303430
632 303430
633 303430
634 303430
635 303430
636 303430
637 303430
638 303430
639 303430
640 303430
641 319230
642 319230
643 319230
644 319230
645 292540
646 265680
647 158580
648 158580
649 158580
650 158580
651 158580
652 158580
653 158580
654 158580
655 158580
656 158580
657 158580
658 158580
659 158580
660 158580
661 158580
662 158580
663 158580
664 158580
665 158580
666 158580
667 158580
668 158580
669 206780
670 269780
671 376880
672 376880
673 376880
674 376880
675 376880
676 376880
677 344280
678 344280
679 344280
680 344280
681 328480
682 281380
683 281380
684 281380
685 281380
686 281380
687 281380
688 281380
689 281380
690 281380
691 281380
692 281380
693 281380
694 281380
695 281380
696 281380
697 281380
698 281380
699 281380
700 281380
701 281380
702 281380
703 281380
704 281380
705 281380
706 281380
707 281380
708 281380
709 281380
710 281380
711 281380
712 281380
713 281380
714 281380
715 344380
716 237280
717 237280
718 237280
719 237280
720 237280
721 237280
722 237280
723 237280
724 237280
725 237280
726 237280
727 237280
728 237280
729 237280
730 237280
731 136480
732 280120
733 280120
734 280120
735 387220
736 412340
737 437620
738 462740
739 488020
740 513140
741 566690
742 541410
743 566690
744 629690
745 629690
746 581490
747 644490
748 688640
749 688640
750 688640
751 688640
752 624740
753 624740
754 624740
755 624740
756 517640
757 517640
758 517640
759 517640
760 517640
761 517640
762 517640
763 517640
764 517640
765 517640
766 517640
767 517640
768 517640
769 517640
770 517640
771 517640
772 517640
773 517640
774 517640
775 517640
776 517640
777 517640
778 517640
779 517640
780 517640
781 517640
782 517640
783 517640
784 517640
785 517640
786 517640
787 517640
788 517640
789 517640
790 517640
791 492360
792 492360
793 492360
794 409190
795 384070
796 358790
797 390290
798 406090
799 421790
800 421790
801 421790
802 421790
803 421790
804 421790
805 421790
806 421790
807 421790
808 421790
809 528890
810 528890
811 528890
812 528890
813 528890
814 528890
815 528890
816 528890
817 528890
818 465890
819 528890
820 557150
821 557150
822 557150
823 541450
824 525650
825 525650
826 525650
827 525650
828 525650
829 525650
830 525650
831 525650
832 525650
833 525650
834 525650
835 472100
836 472100
837 525650
838 525650
839 525650
840 541450
841 541450
842 541450
843 541450
844 541450
845 541450
846 541450
847 541450
848 541450
849 541450
850 541450
851 541450
852 541450
853 541450
854 541450
855 541450
856 434350
857 434350
858 406090
859 390290
860 246650
861 221530
862 221530
863 221530
864 221530
865 221530
866 221530
867 221530
868 221530
869 221530
870 221530
871 221530
872 221530
873 221530
874 328630
875 328630
876 328630
877 328630
878 328630
879 328630
880 328630
881 328630
882 328630
883 442030
884 442030
885 442030
886 442030
887 442030
888 442030
889 442030
890 416910
891 416750
892 416750
893 416750
894 368550
895 368550
896 368550
897 368550
898 368550
899 368550
900 368550
901 368550
902 368550
903 368550
904 368550
905 368550
906 368550
907 368550
908 368550
909 368550
910 368550
911 368550
912 368550
913 368550
914 368550
915 368550
916 368550
917 368550
918 368550
919 368550
920 368550
921 368550
922 368550
923 368550
924 261450
925 261450
926 286730
927 302530
928 189130
929 135580
930 135580
931 135580
932 135580
933 135580
934 135580
935 135580
936 135580
937 135580
938 242680
939 242680
940 242680
941 242680
942 242680
943 242680
944 242680
945 356080
946 381200
947 406480
948 456880
949 456880
950 456880
951 456880
952 456880
953 456880
954 456880
955 456880
956 456880
957 456880
958 456880
959 456880
960 456880
961 431760
962 415960
963 308860
964 308860
965 308860
966 308860
967 308860
968 308860
969 308860
970 308860
971 308860
972 308860
973 308860
974 245860
975 308860
976 340360
977 356160
978 371860
979 403360
980 431800
981 400300
982 400300
983 400300
984 400300
985 400300
986 400300
987 400300
988 400300
989 400300
990 400300
991 400300
992 400300
993 400300
994 400300
995 400300
996 400300
997 400300
998 286900
999 261620
1000 236340
1001 236340
1002 236340
1003 236340
1004 236340
1005 236340
1006 343440
1007 343440
1008 343440
1009 343440
1010 343440
1011 343440
1012 343440
1013 343440
1014 456840
1015 472640
1016 488340
1017 541890
1018 570150
1019 570150
1020 570150
1021 570150
1022 570150
1023 570150
1024 570150
1025 570150
1026 570150
1027 570150
1028 570150
1029 570150
1030 570150
1031 570150
1032 570150
1033 570150
1034 507150
1035 507150
1036 491450
1037 491450
1038 491450
1039 441050
1040 441050
1041 441050
1042 441050
1043 441050
1044 441050
1045 491450
1046 541850
1047 541850
1048 541850
1049 541850
1050 541850
1051 541850
1052 541850
1053 541850
1054 541850
1055 541850
1056 541850
1057 541850
1058 541850
1059 541850
1060 541850
1061 541850
1062 541850
1063 541850
1064 541850
1065 541850
1066 541850
1067 541850
1068 434750
1069 321350
1070 305650
1071 274150
1072 242650
1073 242650
1074 242650
1075 305650
1076 321350
1077 346630
1078 409630
1079 425330
1080 452190
1081 452190
1082 452190
1083 534130
1084 534130
1085 534130
1086 534130
1087 534130
1088 534130
1089 534130
1090 534130
1091 534130
1092 534130
1093 534130
1094 534130
1095 534130
1096 534130
1097 534130
1098 534130
1099 534130
1100 534130
1101 534130
1102 534130
1103 534130
1104 534130
1105 534130
1106 534130
1107 471130
1108 445850
1109 445850
1110 474290
1111 502550
1112 502550
1113 449000
1114 502550
1115 502550
1116 502550
1117 502550
1118 502550
1119 502550
1120 502550
1121 502550
1122 502550
1123 471050
1124 471050
1125 527750
1126 501060
1127 501060
1128 501060
1129 472800
1130 472800
1131 472800
1132 472800
1133 472800
1134 472800
1135 472800
1136 472800
1137 472800
1138 422400
1139 422400
1140 422400
1141 422400
1142 422400
1143 523200
1144 507400
1145 460200
1146 460200
1147 475900
1148 491700
1149 507500
1150 523200
1151 554700
1152 617700
1153 617700
1154 617700
1155 617700
1156 535590
1157 589140
1158 616000
1159 587560
1160 559300
1161 559300
1162 559300
1163 559300
1164 559300
1165 559300
1166 559300
1167 559300
1168 559300
1169 559300
1170 543500
1171 543500
1172 543500
1173 543500
1174 543500
1175 543500
1176 543500
1177 543500
1178 543500
1179 543500
1180 543500
1181 543500
1182 442700
1183 426900
1184 411200
1185 379600
1186 332400
1187 332400
1188 332400
1189 332400
1190 332400
1191 332400
1192 332400
1193 332400
1194 332400
1195 305540
1196 305540
1197 305540
1198 305540
1199 305540
1200 305540
1201 305540
1202 305540
1203 305540
1204 305540
1205 305540
1206 305540
1207 305540
1208 305540
1209 305540
1210 248840
1211 362240
1212 362240
1213 362240
1214 362240
1215 410540
1216 410540
1217 410540
1218 410540
1219 410540
1220 464090
1221 448290
1222 416790
1223 363240
1224 309690
1225 309690
1226 309690
1227 357990
1228 307590
1229 307590
1230 307590
1231 307590
1232 307590
1233 307590
1234 307590
1235 307590
1236 307590
1237 307590
1238 307590
1239 307590
1240 307590
1241 307590
1242 307590
1243 307590
1244 307590
1245 307590
1246 307590
1247 307590
1248 307590
1249 307590
1250 307590
1251 307590
1252 307590
1253 307590
1254 307590
1255 307590
1256 307590
1257 307590
1258 307590
1259 357990
1260 329550
1261 279150
1262 246650
1263 214150
1264 214150
1265 214150
1266 214150
1267 214150
1268 214150
1269 214150
1270 214150
1271 214150
1272 214150
1273 214150
1274 214150
1275 214150
1276 214150
1277 214150
1278 214150
1279 214150
1280 214150
1281 214150
1282 214150
1283 214150
1284 214150
1285 214150
1286 321250
1287 321250
1288 321250
1289 321250
1290 321250
1291 321250
1292 321250
1293 321250
1294 321250
1295 321250
1296 384250
1297 400050
1298 415850
1299 431550
1300 447350
1301 447350
1302 447350
1303 393800
1304 393800
1305 393800
1306 393800
1307 393800
1308 393800
1309 346500
1310 346500
1311 346500
1312 346500
1313 346500
1314 346500
1315 346500
1316 346500
1317 346500
1318 346500
1319 346500
1320 346500
1321 346500
1322 346500
1323 346500
1324 346500
1325 346500
1326 346500
1327 346500
1328 239400
1329 239400
1330 264680
1331 201680
1332 217480
1333 233180
1334 264680
1335 291540
1336 274740
1337 274740
1338 274740
1339 258940
1340 258940
1341 243140
1342 217860
1343 202160
1344 202160
1345 185560
1346 158700
1347 45300
1348 14800
1349 0
1350 0
1351 0
1352 0
1353 143640
1354 143640
1355 143640
1356 143640
1357 143640
1358 143640
1359 279300
1360 307560
1361 307560
1362 307560
1363 307560
1364 307560
1365 307560
1366 307560
1367 307560
1368 307560
1369 307560
1370 307560
1371 307560
1372 307560
1373 307560
1374 307560
1375 307560
1376 307560
1377 307560
1378 307560
1379 307560
1380 307560
1381 307560
1382 307560
1383 307560
1384 307560
1385 307560
1386 307560
1387 339060
1388 354860
1389 417860
1390 417860
1391 417860
1392 417860
1393 417860
1394 417860
1395 417860
1396 417860
1397 417860
1398 417860
1399 417860
1400 389600
1401 389600
1402 389600
1403 389600
1404 389600
1405 389600
1406 389600
1407 389600
1408 389600
1409 389600
1410 389600
1411 389600
1412 389600
1413 389600
1414 389600
1415 389600
1416 389600
1417 389600
1418 389600
1419 389600
1420 389600
1421 358100
1422 310800
1423 310800
1424 310800
1425 310800
1426 279300
1427 135660
1428 135660
1429 135660
1430 135660
1431 162350
1432 162350
1433 162350
1434 162350
1435 162350
1436 162350
1437 162350
1438 162350
1439 162350
1440 162350
1441 162350
1442 162350
1443 162350
1444 162350
1445 162350
1446 162350
1447 162350
1448 162350
1449 162350
1450 162350
1451 162350
1452 162350
1453 162350
1454 162350
1455 162350
1456 162350
1457 162350
1458 162350
1459 162350
1460 162350
1461 162350
1462 162350
1463 162350
1464 193850
1465 321530
1466 353030
1467 401330
1468 464330
1469 527330
1470 527330
1471 527330
1472 527330
1473 527330
1474 527330
1475 527330
1476 527330
1477 527330
1478 527330
1479 527330
1480 500470
1481 500470
1482 500470
1483 500470
1484 500470
1485 500470
1486 364980
1487 418530
1488 446970
1489 500520
1490 528780
1491 557220
1492 585480
1493 585480
1494 585480
1495 585480
1496 585480
1497 585480
1498 585480
1499 585480
1500 585480
1501 522480
1502 494220
1503 465780
1504 437520
1505 391520
1506 391520
1507 391520
1508 419960
1509 446820
1510 473510
1511 473510
1512 445070
1513 418380
1514 391520
1515 343220
1516 294720
1517 294720
1518 294720
1519 294720
1520 294720
1521 294720
1522 294720
1523 294720
1524 294720
1525 294720
1526 294720
1527 294720
1528 294720
1529 294720
1530 294720
1531 294720
1532 294720
1533 294720
1534 294720
1535 294720
1536 294720
1537 294720
1538 294720
1539 294720
1540 294720
1541 294720
1542 294720
1543 294720
1544 294720
1545 294720
1546 294720
1547 343020
1548 343020
1549 343020
1550 343020
1551 343020
1552 343020
1553 343020
1554 343020
1555 343020
1556 343020
1557 343020
1558 406020
1559 437520
1560 437520
1561 437520
1562 437520
1563 437520
1564 437520
1565 437520
1566 437520
1567 437520
1568 437520
1569 437520
1570 437520
1571 437520
1572 437520
1573 437520
1574 437520
1575 437520
1576 437520
1577 437520
1578 437520
1579 437520
1580 437520
1581 437520
1582 437520
1583 437520
1584 437520
1585 437520
1586 383970
1587 412230
1588 358680
1589 440790
1590 494340
1591 494340
1592 494340
1593 494340
1594 494340
1595 366660
1596 423360
1597 423360
1598 423360
1599 423360
1600 423360
1601 423360
1602 423360
1603 423360
1604 423360
1605 423360
1606 423360
1607 423360
1608 423360
1609 423360
1610 423360
1611 423360
1612 423360
1613 423360
1614 423360
1615 423360
1616 423360
1617 423360
1618 423360
1619 360360
1620 360360
1621 376060
1622 404500
1623 431190
1624 459450
1625 459450
1626 459450
1627 459450
1628 459450
1629 411250
1630 411250
1631 411250
1632 459450
1633 459450
1634 459450
1635 459450
1636 459450
1637 459450
1638 459450
1639 459450
1640 459450
1641 459450
1642 459450
1643 459450
1644 459450
1645 459450
1646 459450
1647 459450
1648 459450
1649 459450
1650 431010
1651 431010
1652 431010
1653 431010
1654 431010
1655 431010
1656 399510
1657 399510
1658 383710
1659 355450
1660 327010
1661 245070
1662 191520
1663 191520
1664 160020
1665 223020
1666 302820
1667 302820
1668 384760
1669 384760
1670 384760
1671 384760
1672 384760
1673 384760
1674 384760
1675 384760
1676 438310
1677 438310
1678 438310
1679 495010
1680 438310
1681 495010
1682 495010
1683 495010
1684 495010
1685 495010
1686 495010
1687 495010
1688 495010
1689 495010
1690 495010
1691 495010
1692 495010
1693 495010
1694 495010
1695 495010
1696 432010
1697 383810
1698 355550
1699 273610
1700 188650
1701 160210
1702 133350
1703 53550
1704 0
1705 0
1706 0
1707 0
1708 0
1709 0
1710 0
1711 0
1712 0
1713 0
1714 0
1715 0
1716 0
1717 0
1718 0
1719 0
1720 0
1721 0
1722 0
1723 0
1724 0
1725 0
1726 0
1727 0
1728 0
1729 0
1730 0
1731 0
1732 0
1733 0
1734 0
1735 0
1736 0
1737 0
1738 0
1739 0
1740 0
1741 0
1742 0
1743 0
1744 0
1745 0
1746 0
1747 0
1748 0
1749 0
1750 0
1751 0
1752 0
1753 0
1754 0
1755 0
1756 0
1757 0
1758 0
1759 0
1760 0
1761 0
1762 0
1763 0
1764 0
1765 0
1766 0
1767 0
1768 0
1769 0
1770 0
1771 0
1772 0
1773 0
1774 0
1775 0
1776 0
1777 0
1778 0
1779 0
1780 0
1781 0
1782 0
1783 0
1784 0
1785 0
1786 0
1787 0
1788 0
1789 0
1790 0
1791 0
1792 0
1793 0
1794 0
1795 0
1796 0
1797 0
1798 0
1799 0
1800 0
1801 0
1802 0
1803 0
1804 0
1805 0
1806 0
1807 0
1808 0
1809 0
1810 0
1811 0
1812 0
1813 0
1814 0
1815 0
1816 0
1817 0
1818 0
1819 0
1820 0
1821 0
1822 0
1823 0
1824 0
1825 0
1826 0
1827 0
1828 0
1829 0
1830 0
1831 0
1832 0
1833 0
1834 0
1835 0
1836 0
1837 0
1838 0
1839 0
1840 0
1841 0
1842 0
1843 0
1844 0
1845 0
1846 714000
1847 714000
1848 714000
1849 714000
1850 714000
1851 714000
1852 714000
1853 0
1854 0
1855 0
1856 0
1857 0
1858 0
1859 0
1860 0
1861 0
1862 0
1863 0
1864 0
1865 0
1866 0
1867 0
1868 0
1869 0
1870 0
1871 0
1872 0
1873 0
1874 0
1875 0
1876 0
1877 0
1878 0
1879 0
1880 0
1881 0
1882 0
1883 0
1884 0
1885 0
1886 0
1887 0
1888 0
1889 0
1890 0
1891 0
1892 0
1893 0
1894 0
1895 0
1896 0
1897 0
1898 0
1899 0
1900 0
1901 0
1902 0
1903 0
1904 0
1905 0
1906 0
1907 0
1908 0
1909 0
1910 0
1911 0
1912 0
1913 0
1914 0
1915 0
1916 0
1917 0
1918 0
1919 0
1920 0
1921 0
1922 0
1923 0
1924 714000
1925 714000
1926 714000
1927 714000
1928 714000
1929 714000
1930 714000
1931 714000
1932 714000
1933 714000
1934 714000
1935 714000
1936 714000
1937 714000
1938 714000
1939 714000
1940 714000
1941 714000
1942 714000
1943 714000
1944 714000
1945 714000
1946 714000
1947 714000
1948 714000
1949 714000
1950 714000
1951 714000
1952 714000
1953 714000
1954 714000
1955 714000
1956 714000
1957 714000
1958 714000
1959 714000
1960 714000
1961 714000
1962 714000
1963 714000
1964 714000
1965 714000
1966 714000
1967 714000
1968 714000
1969 714000
1970 714000
1971 714000
1972 714000
1973 714000
1974 714000
1975 714000
1976 714000
1977 714000
1978 714000
1979 714000
1980 714000
1981 714000
1982 714000
1983 714000
1984 714000
1985 714000
1986 714000
1987 714000
1988 714000
1989 714000
1990 714000
1991 714000
1992 714000
1993 714000
1994 714000
1995 714000
1996 714000
1997 714000
1998 714000
1999 714000
2000 714000
2001 0
